SPX2.r,SPX2.closeprice,SPX2.rv,DATE
-0.070225074,3296.539,0.000803174,2016/1/4
0.028338765,3287.8364,0.001691197,2016/1/5
0.021226206,3362.84,0.000221936,2016/1/6
-0.060270236,3115.8853,0.001142921,2016/1/7
-0.004986716,3186.9891,0.001190535,2016/1/8
-0.036029715,3017.9969,0.000631874,2016/1/11
-0.001534939,3023.2058,0.000580553,2016/1/12
-0.030183412,2950.063,0.000379348,2016/1/13
0.045969179,3007.4806,0.000636333,2016/1/14
-0.029128863,2901.8321,0.000551184,2016/1/15
0.02334392,2914.6133,0.000441367,2016/1/18
0.032273154,3008.5396,0.000293355,2016/1/19
-0.005138079,2976.6847,0.000218258,2016/1/20
-0.018113,2881.6883,0.000438894,2016/1/21
0.000276221,2916.5486,0.000281232,2016/1/22
0.001390793,2938.4966,0.000147026,2016/1/25
-0.054610294,2751.0293,0.000774238,2016/1/26
-0.007384443,2736.1191,0.00118209,2016/1/27
-0.020062096,2656.9759,0.000368851,2016/1/28
0.030098072,2737.6458,0.000297826,2016/1/29
-0.013643785,2689.2502,0.000296292,2016/2/1
0.022696607,2749.9561,0.000154936,2016/2/2
0.00756803,2739.7967,0.000180504,2016/2/3
0.010941661,2781.7909,0.000135245,2016/2/4
-0.006921641,2763.4992,9.66E-05,2016/2/5
0.022840233,2747.2736,0.000169514,2016/2/15
0.027856928,2836.6474,0.000120475,2016/2/16
0.013658601,2867.6934,0.000171567,2016/2/17
-0.00672188,2863.0196,0.00013086,2016/2/18
0.002399922,2861.0644,0.000117913,2016/2/19
0.012754298,2927.7362,0.000103659,2016/2/22
-0.006444198,2904.2042,0.000151833,2016/2/23
0.014261078,2929.3136,0.000185048,2016/2/24
-0.063065509,2741.9139,0.000614117,2016/2/25
0.002433877,2767.1446,0.000358434,2016/2/26
-0.024761434,2687.7558,0.001201408,2016/2/29
0.017326931,2733.8611,0.000267717,2016/3/1
0.041469441,2849.1571,0.000225017,2016/3/2
0.005296993,2859.7449,0.000200369,2016/3/3
0.009150086,2874.0656,0.000593824,2016/3/4
0.003249639,2897.1462,0.00015214,2016/3/7
0.001486334,2899.7539,0.000525876,2016/3/8
0.010329303,2862.1255,0.000227785,2016/3/9
-0.015275273,2804.3526,0.000207296,2016/3/10
0.010823137,2809.3845,0.000239213,2016/3/11
0.010561252,2860.1582,0.00012837,2016/3/14
0.004731604,2864.2319,0.00016806,2016/3/15
0.003978933,2870.3907,6.17E-05,2016/3/16
0.00975174,2905.7805,0.000107324,2016/3/17
0.013647104,2954.5378,0.000103838,2016/3/18
0.013835274,3020.1077,0.000145408,2016/3/21
0.001714355,3000.315,0.000131529,2016/3/22
0.00640173,3010.4922,0.000116213,2016/3/23
-0.008205762,2961.1184,0.000137636,2016/3/24
0.007752129,2979.1021,9.22E-05,2016/3/25
-0.010384309,2957.2982,0.000117599,2016/3/28
-0.012214499,2920.5492,0.000231564,2016/3/29
0.018679219,2999.8849,7.65E-05,2016/3/30
-0.001960671,3004.3389,9.52E-05,2016/3/31
0.005026293,3008.9662,0.000134986,2016/4/1
0.016726704,3052.9572,8.83E-05,2016/4/5
0.003734472,3050.7251,6.95E-05,2016/4/6
-0.016754755,3009.2087,0.000117519,2016/4/7
-0.000774746,2985.8869,0.000114001,2016/4/8
0.008127563,3034.6191,6.20E-05,2016/4/11
-0.002299168,3024.3114,8.57E-05,2016/4/12
0.008306642,3066.8972,8.99E-05,2016/4/13
0.000590987,3082.5362,6.71E-05,2016/4/14
-0.002134901,3078.4468,5.14E-05,2016/4/15
-0.00692544,3034.013,6.25E-05,2016/4/18
-0.001614965,3043.5519,5.84E-05,2016/4/19
-0.026220617,2972.5188,0.000587023,2016/4/20
-1.42E-06,2952.5423,0.000179886,2016/4/21
0.00913518,2960.2089,9.27E-05,2016/4/22
-0.00042645,2946.9634,9.59E-05,2016/4/25
0.006882539,2965.0635,8.26E-05,2016/4/26
-0.004693085,2954.0097,3.46E-05,2016/4/27
-0.003432927,2945.9469,9.72E-05,2016/4/28
0.001317854,2938.4523,4.16E-05,2016/4/29
0.017415421,2993.1973,6.34E-05,2016/5/3
0.002521671,2990.4768,3.66E-05,2016/5/4
0.003758526,2998.1836,4.13E-05,2016/5/5
-0.028999784,2913.4148,0.000176897,2016/5/6
-0.021848176,2832.6835,0.000279948,2016/5/9
0.002927087,2833.3722,0.000107539,2016/5/10
-0.002193682,2837.2701,9.93E-05,2016/5/11
0.008987723,2836.7398,0.00018944,2016/5/12
-0.000256845,2827.4129,6.49E-05,2016/5/13
0.012100637,2851.0644,7.61E-05,2016/5/16
-0.00274193,2843.1074,5.45E-05,2016/5/17
-0.007545646,2806.9945,0.000172651,2016/5/18
0.002042683,2807.5099,7.00E-05,2016/5/19
0.012895164,2825.9391,5.38E-05,2016/5/20
0.006225029,2843.9046,4.26E-05,2016/5/23
-0.006444368,2821.4538,5.38E-05,2016/5/24
-0.007280939,2815.2819,3.67E-05,2016/5/25
0.0034626,2822.5903,0.000118067,2016/5/26
0.001413547,2821.6385,4.66E-05,2016/5/27
0.003815192,2822.1158,6.31E-05,2016/5/30
0.032465104,2916.7816,0.000138986,2016/5/31
-0.000848478,2914.2174,5.40E-05,2016/6/1
0.005022791,2925.4335,3.84E-05,2016/6/2
0.002982955,2937.8439,4.69E-05,2016/6/3
-0.002802103,2934.2855,2.72E-05,2016/6/6
0.000231209,2936.2071,2.58E-05,2016/6/7
-0.001549968,2926.6301,3.58E-05,2016/6/8
-0.021016808,2832.7128,0.000114774,2016/6/13
0.006001193,2842.9835,8.49E-05,2016/6/14
0.025429679,2886.9331,9.86E-05,2016/6/15
-0.001726089,2873.4422,5.30E-05,2016/6/16
0.003753234,2885.3244,5.40E-05,2016/6/17
0.000165735,2888.5802,5.04E-05,2016/6/20
-0.006711164,2878.9376,8.68E-05,2016/6/21
0.011793656,2905.7051,4.93E-05,2016/6/22
-0.003165133,2892.0427,4.96E-05,2016/6/23
-0.010004133,2854.1501,0.000502469,2016/6/24
0.019044215,2895.1677,7.37E-05,2016/6/27
0.009621949,2912.7468,5.00E-05,2016/6/28
0.004688338,2932.4634,4.72E-05,2016/6/29
-0.000425912,2930.2648,3.39E-05,2016/6/30
0.000246457,2932.7169,2.50E-05,2016/7/1
0.0216475,2988.1333,5.80E-05,2016/7/4
0.004670879,3007.1114,3.91E-05,2016/7/5
0.006830909,3017.0995,4.65E-05,2016/7/6
0.00244774,3016.8363,5.82E-05,2016/7/7
-0.00339115,2989.2202,3.26E-05,2016/7/8
0.000446386,2996.0606,5.27E-05,2016/7/11
0.01884336,3049.6814,0.000113196,2016/7/12
0.003001703,3060.2538,5.35E-05,2016/7/13
-0.001545277,3053.6613,3.50E-05,2016/7/15
-0.00138026,3043.9179,4.50E-05,2016/7/18
-0.001289472,3036.1837,5.24E-05,2016/7/19
-0.002122178,3028.3391,2.98E-05,2016/7/20
0.003811001,3039.1864,3.41E-05,2016/7/21
-0.008489524,3012.458,3.25E-05,2016/7/22
0.00302183,3016.8347,3.32E-05,2016/7/25
0.011780954,3050.4027,3.05E-05,2016/7/26
-0.019558995,2991.293,0.000372144,2016/7/27
0.00530394,2994.9155,9.90E-05,2016/7/28
-0.004433133,2979.3782,5.12E-05,2016/7/29
-0.006257474,2953.2779,0.000149087,2016/8/1
0.006422343,2970.9154,2.63E-05,2016/8/2
0.005316551,2979.0231,2.96E-05,2016/8/3
0.002104112,2982.6344,2.74E-05,2016/8/4
-0.000434101,2977.0003,2.58E-05,2016/8/5
0.010837798,3004.7182,3.69E-05,2016/8/8
0.008024323,3025.4946,1.91E-05,2016/8/9
-0.001241277,3019.2877,2.54E-05,2016/8/10
-0.003581845,3002.6751,7.99E-05,2016/8/11
0.016474651,3050.0647,5.97E-05,2016/8/12
0.021799754,3125.401,1.00E-04,2016/8/15
-0.006384928,3110.4286,5.70E-05,2016/8/16
0.00172171,3110.2255,5.16E-05,2016/8/17
-0.000991769,3104.6275,6.21E-05,2016/8/18
0.002746443,3108.6437,3.38E-05,2016/8/19
-0.007501641,3084.4046,4.84E-05,2016/8/22
0.002703095,3090.4873,4.56E-05,2016/8/23
-0.002506048,3085.776,2.28E-05,2016/8/24
-0.001256502,3068.659,5.96E-05,2016/8/25
-3.02E-05,3070.4939,1.75E-05,2016/8/26
0.000642528,3070.2696,2.17E-05,2016/8/29
0.001519479,3076.0201,1.98E-05,2016/8/30
0.003742515,3085.1386,2.14E-05,2016/8/31
-0.006832581,3062.8896,2.41E-05,2016/9/1
0.003322788,3067.5187,3.06E-05,2016/9/2
0.000432955,3072.811,1.83E-05,2016/9/5
0.006307295,3091.4142,3.74E-05,2016/9/6
0.000584603,3092.4057,1.80E-05,2016/9/7
0.002108674,3096.4863,1.91E-05,2016/9/8
-0.005372555,3079.5917,1.92E-05,2016/9/9
-0.003788557,3020.9368,4.86E-05,2016/9/12
-0.000538713,3023.8003,2.99E-05,2016/9/13
-0.001380982,3002.6711,2.23E-05,2016/9/14
0.005869522,3026.2134,1.49E-05,2016/9/19
-0.001582225,3023.0296,1.15E-05,2016/9/20
0.001319868,3025.7067,1.38E-05,2016/9/21
0.00077064,3042.6686,1.47E-05,2016/9/22
-0.003766726,3034.213,1.18E-05,2016/9/23
-0.015469841,2981.2474,4.18E-05,2016/9/26
0.008096417,2997.8809,4.51E-05,2016/9/27
-0.004045585,2988.1251,2.17E-05,2016/9/28
0.001306053,2998.2356,1.54E-05,2016/9/29
0.003775733,3005.5085,8.93E-06,2016/9/30
0.008241799,3048.2358,1.84E-05,2016/10/10
0.004962707,3065.7443,1.01E-05,2016/10/11
0.001312607,3059.1288,1.17E-05,2016/10/12
0.001241471,3061.9791,1.29E-05,2016/10/13
0.002476754,3063.7232,1.94E-05,2016/10/14
-0.007728163,3041.6458,3.31E-05,2016/10/17
0.014719547,3083.0885,2.92E-05,2016/10/18
-0.000448183,3085.322,1.94E-05,2016/10/19
-9.08E-05,3084.8039,1.25E-05,2016/10/20
0.003353783,3091.3051,4.78E-05,2016/10/21
0.011863807,3128.8967,3.59E-05,2016/10/24
0.001392151,3132.156,1.41E-05,2016/10/25
-0.0037571,3117.8482,3.12E-05,2016/10/26
0.000102483,3112.8594,1.92E-05,2016/10/27
-0.002510981,3105.082,3.13E-05,2016/10/28
0.001342867,3101.5692,3.15E-05,2016/10/31
0.00637922,3122.0414,1.88E-05,2016/11/1
-0.004054851,3103.0129,2.15E-05,2016/11/2
0.010328978,3128.6659,3.64E-05,2016/11/3
-0.000148409,3125.5927,2.56E-05,2016/11/4
0.002594283,3133.5197,1.94E-05,2016/11/7
0.002289093,3148.1654,1.64E-05,2016/11/8
-0.005420136,3128.7698,7.29E-05,2016/11/9
0.006332934,3170.9241,2.71E-05,2016/11/10
0.008225219,3196.1607,3.76E-05,2016/11/11
0.007135838,3209.7177,5.71E-05,2016/11/14
-0.000985971,3206.7278,2.34E-05,2016/11/15
-0.001199437,3205.4162,1.55E-05,2016/11/16
0.003395222,3208.6775,2.25E-05,2016/11/17
-0.00449054,3193.2363,1.83E-05,2016/11/18
0.009200052,3218.2077,3.43E-05,2016/11/21
0.008408063,3249.6005,2.31E-05,2016/11/22
-0.001867346,3241.4694,4.26E-05,2016/11/23
0.001097976,3241.6502,3.41E-05,2016/11/24
0.005935235,3261.4941,8.72E-05,2016/11/25
0.001361002,3277.0967,3.26E-05,2016/11/28
0.004702056,3283.0395,6.35E-05,2016/11/29
-0.006403485,3250.56,5.71E-05,2016/11/30
0.004673204,3274.0485,2.78E-05,2016/12/1
-0.00757596,3244.4542,7.82E-05,2016/12/2
0.00073982,3204.9396,5.05E-05,2016/12/5
-0.0016846,3199.3703,1.77E-05,2016/12/6
0.007000245,3221.9241,1.92E-05,2016/12/7
-0.002717884,3215.7052,2.09E-05,2016/12/8
0.007474705,3233.4258,3.57E-05,2016/12/9
-0.025613359,3152.2422,0.000132636,2016/12/12
0.005043476,3155.1179,8.62E-05,2016/12/13
-0.002720067,3140.6101,5.55E-05,2016/12/14
-0.002124988,3118.3015,8.66E-05,2016/12/15
0.003934861,3123.9355,2.82E-05,2016/12/16
-0.000701488,3118.4156,2.92E-05,2016/12/19
-0.00418289,3102.5012,4.35E-05,2016/12/20
0.008707433,3138.5412,3.71E-05,2016/12/21
0.00260237,3140.3394,2.57E-05,2016/12/22
-0.007926534,3109.9775,3.95E-05,2016/12/23
0.00915998,3122.1338,6.50E-05,2016/12/26
-0.00086351,3115.0044,2.19E-05,2016/12/27
-0.003596226,3102.5614,2.48E-05,2016/12/28
0.000121801,3096.2146,2.56E-05,2016/12/29
0.001717145,3103.2745,2.29E-05,2016/12/30
0.00972319,3136.4275,2.62E-05,2017/1/3
0.008346145,3159.4871,1.33E-05,2017/1/4
0.002847779,3165.9849,1.68E-05,2017/1/5
-0.002785557,3154.1457,2.41E-05,2017/1/6
0.007352121,3171.3436,1.92E-05,2017/1/9
-0.001411259,3161.894,1.99E-05,2017/1/10
-0.006012012,3137.1512,3.62E-05,2017/1/11
-0.004319042,3119.4795,3.96E-05,2017/1/12
-0.001668288,3112.3316,5.42E-05,2017/1/13
-0.000370377,3102.4804,0.000318702,2017/1/16
0.007511079,3108.7642,7.25E-05,2017/1/17
0.003157526,3113.0705,2.47E-05,2017/1/18
-0.000835773,3101.7007,3.42E-05,2017/1/19
0.00859149,3122.6735,1.88E-05,2017/1/20
0.003467897,3136.5233,1.89E-05,2017/1/23
0.002817143,3142.7435,1.88E-05,2017/1/24
0.003897239,3149.4315,1.36E-05,2017/1/25
0.002578194,3158.8347,9.44E-06,2017/1/26
-0.006179719,3141.1459,1.93E-05,2017/2/3
0.004379862,3157.0485,1.57E-05,2017/2/6
-0.000193225,3153.5267,1.08E-05,2017/2/7
0.006208445,3167.4465,2.00E-05,2017/2/8
0.006199107,3183.7726,1.71E-05,2017/2/9
0.004436616,3197.3288,1.69E-05,2017/2/10
0.00551521,3217.3105,1.91E-05,2017/2/13
0.000774539,3218.3859,1.32E-05,2017/2/14
-0.000569934,3213.1395,3.32E-05,2017/2/15
0.005982463,3229.6193,3.21E-05,2017/2/16
-0.007821477,3201.966,4.46E-05,2017/2/17
0.013174348,3241.4559,3.43E-05,2017/2/20
0.003385105,3253.0503,1.81E-05,2017/2/21
0.00250172,3260.9547,1.97E-05,2017/2/22
-0.002397103,3250.8212,2.93E-05,2017/2/23
0.001990072,3253.3695,2.61E-05,2017/2/24
-0.006528369,3228.578,2.33E-05,2017/2/27
0.005018246,3242.679,1.83E-05,2017/2/28
0.002080506,3246.3361,1.26E-05,2017/3/1
-0.006630382,3230.5127,1.83E-05,2017/3/2
-0.000184187,3218.7112,2.65E-05,2017/3/3
0.004758514,3233.478,1.15E-05,2017/3/6
0.002844519,3242.6591,1.18E-05,2017/3/7
0.000118272,3241.0186,9.90E-06,2017/3/8
-0.00518172,3216.5851,2.80E-05,2017/3/9
-0.000651534,3212.4467,9.90E-06,2017/3/10
0.008810906,3237.0428,2.51E-05,2017/3/13
0.000940402,3238.6482,1.09E-05,2017/3/14
0.002390302,3241.9561,1.85E-05,2017/3/15
0.006378024,3269.5644,1.44E-05,2017/3/16
-0.010607742,3238.0665,2.46E-05,2017/3/17
0.002844544,3250.3403,2.05E-05,2017/3/20
0.003270609,3261.2041,1.44E-05,2017/3/21
8.11E-05,3245.448,3.13E-05,2017/3/22
0.00082273,3248.816,3.71E-05,2017/3/23
0.006668004,3268.9558,2.39E-05,2017/3/24
-0.000892871,3266.5384,2.14E-05,2017/3/27
-0.003628554,3252.9928,2.16E-05,2017/3/28
-0.003464967,3241.796,3.92E-05,2017/3/29
-0.007985183,3208.7838,7.05E-05,2017/3/30
0.005058147,3222.4753,3.68E-05,2017/3/31
0.010224751,3270.1982,2.18E-05,2017/4/5
0.002810842,3281.2406,1.65E-05,2017/4/6
0.001990406,3286.9212,1.77E-05,2017/4/7
-0.004228232,3270.0021,3.23E-05,2017/4/10
0.006635669,3287.9774,5.44E-05,2017/4/11
-0.002473823,3274.3945,5.57E-05,2017/4/12
0.00368592,3276.0417,2.01E-05,2017/4/13
-0.009564524,3244.9813,3.46E-05,2017/4/14
-0.002170706,3221.6727,6.44E-05,2017/4/17
-0.005989424,3196.6094,2.62E-05,2017/4/18
-0.003841464,3171.3096,8.48E-05,2017/4/19
0.00235476,3172.5909,5.30E-05,2017/4/20
0.001124404,3173.2411,3.06E-05,2017/4/21
-0.011063336,3128.7413,0.000132302,2017/4/24
0.003445068,3134.6783,4.25E-05,2017/4/25
0.002649469,3141.2011,2.89E-05,2017/4/26
0.006760568,3152.4097,7.21E-05,2017/4/27
0.003588323,3154.3934,2.62E-05,2017/4/28
-0.000622161,3144.3479,1.62E-05,2017/5/2
-0.000762972,3135.7479,2.07E-05,2017/5/3
0.000740667,3127.3929,3.92E-05,2017/5/4
-0.003413192,3103.1372,3.71E-05,2017/5/5
-0.004237328,3076.642,4.60E-05,2017/5/8
0.005300626,3080.9581,4.64E-05,2017/5/9
-0.008810728,3052.1072,5.42E-05,2017/5/10
0.008396683,3061.4496,0.000105297,2017/5/11
0.009823414,3083.2745,3.99E-05,2017/5/12
0.001561337,3090.9187,1.90E-05,2017/5/15
0.010084767,3113.2282,4.85E-05,2017/5/16
-0.000686973,3105.0232,2.18E-05,2017/5/17
0.003550173,3090.3993,3.98E-05,2017/5/18
0.001321351,3091.0002,2.49E-05,2017/5/19
-0.003488734,3076.1751,5.67E-05,2017/5/22
-0.002419979,3061.7735,6.97E-05,2017/5/23
0.005586006,3063.7474,0.000102213,2017/5/24
0.017464528,3107.82,9.89E-05,2017/5/25
0.003065263,3110.4989,4.03E-05,2017/5/26
-0.002716541,3117.4154,4.68E-05,2017/5/31
-0.001616025,3102.2089,3.84E-05,2017/6/1
0.003790917,3105.6567,4.94E-05,2017/6/2
-0.003468971,3091.4,2.97E-05,2017/6/5
0.00593728,3102.0885,2.54E-05,2017/6/6
0.012671792,3140.2632,3.37E-05,2017/6/7
0.004717083,3151.0577,1.87E-05,2017/6/8
0.003682234,3158.759,2.90E-05,2017/6/9
-0.005628828,3140.4504,3.35E-05,2017/6/12
0.006347699,3153.5363,1.73E-05,2017/6/13
-0.005109741,3130.9136,2.36E-05,2017/6/14
0.002118755,3132.5122,2.31E-05,2017/6/15
-0.000987408,3122.9019,1.14E-05,2017/6/16
0.007416646,3145.0179,1.89E-05,2017/6/19
-0.00284811,3139.4693,1.17E-05,2017/6/20
0.002057511,3156.2784,3.49E-05,2017/6/21
-0.001580803,3147.1124,5.31E-05,2017/6/22
0.006136841,3157.7388,6.57E-05,2017/6/23
0.008988245,3186.0405,4.59E-05,2017/6/26
0.002642124,3191.7235,2.69E-05,2017/6/27
-0.002899086,3173.8798,2.90E-05,2017/6/28
0.003819008,3187.9006,1.41E-05,2017/6/29
0.004580478,3192.0982,1.33E-05,2017/6/30
0.001257784,3195.4814,1.65E-05,2017/7/3
-0.003128574,3182.9534,2.35E-05,2017/7/4
0.008700253,3207.0591,2.19E-05,2017/7/5
0.002832702,3212.3311,2.69E-05,2017/7/6
0.00416968,3217.208,1.81E-05,2017/7/7
-0.000195974,3211.8515,2.05E-05,2017/7/10
0.000688445,3203.6837,3.87E-05,2017/7/11
-0.001525957,3197.7142,8.14E-05,2017/7/12
0.008393492,3219.0267,4.23E-05,2017/7/13
0.003326384,3222.4201,2.38E-05,2017/7/14
-0.013579449,3176.6882,0.000464372,2017/7/17
0.008650724,3187.0986,8.91E-05,2017/7/18
0.016073841,3232.7739,5.26E-05,2017/7/19
0.005576296,3244.8343,3.22E-05,2017/7/20
0.000605866,3238.1676,2.41E-05,2017/7/21
0.006152858,3250.4245,3.48E-05,2017/7/24
-0.001503556,3244.196,5.04E-05,2017/7/25
0.000289308,3247.1871,6.14E-05,2017/7/26
0.001404303,3248.4455,4.60E-05,2017/7/27
0.004842745,3254.1246,2.85E-05,2017/7/28
0.006488807,3273.957,1.91E-05,2017/7/31
0.005489875,3292.0092,2.72E-05,2017/8/1
-0.000699632,3286.005,3.52E-05,2017/8/2
-0.002295504,3272.341,4.12E-05,2017/8/3
-0.002510235,3261.3347,4.09E-05,2017/8/4
0.006296427,3279.3627,3.82E-05,2017/8/7
0.001622367,3282.7451,2.56E-05,2017/8/8
-0.000381411,3276.6818,2.28E-05,2017/8/9
-0.001996018,3261.7936,5.29E-05,2017/8/10
-0.008806885,3209.6663,6.44E-05,2017/8/11
0.009563383,3237.2821,1.78E-05,2017/8/14
0.0048308,3251.465,2.81E-05,2017/8/15
-0.000343693,3246.816,2.23E-05,2017/8/16
0.004407646,3268.7757,1.01E-05,2017/8/17
0.005452386,3269.3409,1.73E-05,2017/8/18
0.003254868,3287.3209,1.13E-05,2017/8/21
0.001177133,3291.029,2.10E-05,2017/8/22
0.001260435,3287.6044,2.69E-05,2017/8/23
-0.004977879,3271.8547,3.53E-05,2017/8/24
0.01770732,3331.602,3.89E-05,2017/8/25
0.007257227,3362.8052,4.46E-05,2017/8/28
0.001622617,3365.6301,2.83E-05,2017/8/29
0.000263541,3362.7337,3.84E-05,2017/8/30
-0.000376199,3361.1501,2.69E-05,2017/8/31
5.17E-05,3367.3039,1.94E-05,2017/9/1
0.003093025,3380.0734,2.05E-05,2017/9/4
0.002330252,3384.7336,2.08E-05,2017/9/5
0.004194469,3385.3721,1.95E-05,2017/9/6
-0.005214575,3366.2675,1.87E-05,2017/9/7
-3.03E-05,3365.4412,2.46E-05,2017/9/8
0.003722097,3377.8995,2.83E-05,2017/9/11
-0.000502403,3380.2995,1.91E-05,2017/9/12
0.003328797,3385.4985,1.79E-05,2017/9/13
-0.003586637,3371.2895,1.96E-05,2017/9/14
-0.003323007,3353.4284,3.20E-05,2017/9/15
0.002817587,3363.0677,2.19E-05,2017/9/18
-0.003189138,3356.6478,1.86E-05,2017/9/19
0.004145353,3366.0781,1.20E-05,2017/9/20
-0.00197392,3358.015,1.65E-05,2017/9/21
0.001999339,3352.9061,3.41E-05,2017/9/22
-0.000866123,3340.8017,2.53E-05,2017/9/25
0.002091544,3343.7066,2.04E-05,2017/9/26
0.001359264,3345.5536,6.35E-06,2017/9/27
-0.001044309,3339.7945,8.30E-06,2017/9/28
0.002485268,3349.2299,1.32E-05,2017/9/29
-0.009694136,3374.8759,3.47E-05,2017/10/9
0.002819228,3383.03,2.65E-05,2017/10/10
0.002045482,3388.3866,1.39E-05,2017/10/11
0.000701737,3387.6445,1.59E-05,2017/10/12
0.001837584,3391.3671,7.38E-06,2017/10/13
-0.004286672,3379.0569,1.94E-05,2017/10/16
-6.71E-05,3372.8032,1.33E-05,2017/10/17
0.002020772,3381.2811,9.65E-06,2017/10/18
-0.001437043,3369.5717,1.82E-05,2017/10/19
0.004730105,3379.4908,1.09E-05,2017/10/20
4.08E-05,3382.4246,7.10E-06,2017/10/23
0.00382725,3388.6433,1.08E-05,2017/10/24
0.003995241,3398.0137,1.05E-05,2017/10/25
0.003336808,3408.3637,2.11E-05,2017/10/26
0.00379838,3416.3018,2.65E-05,2017/10/27
-0.006709951,3390.4277,9.31E-05,2017/10/30
0.004067719,3394.3946,2.12E-05,2017/10/31
0.000417644,3395.7087,2.67E-05,2017/11/1
-0.002129802,3382.9536,2.44E-05,2017/11/2
-0.001894429,3370.6458,5.34E-05,2017/11/3
0.005380142,3388.9367,2.12E-05,2017/11/6
0.007426526,3415.1427,3.73E-05,2017/11/7
0.001937491,3414.8832,2.73E-05,2017/11/8
0.00521936,3428.47,2.24E-05,2017/11/9
0.00284896,3432.838,2.53E-05,2017/11/10
0.003698936,3448.4949,2.03E-05,2017/11/13
-0.004709286,3429.9695,3.61E-05,2017/11/14
-0.003519299,3402.5534,4.14E-05,2017/11/15
0.002117006,3399.6192,2.47E-05,2017/11/16
-0.002980589,3382.4726,6.61E-05,2017/11/17
0.009788117,3393.0334,0.00013032,2017/11/20
0.008477055,3411.1751,6.01E-05,2017/11/21
0.003875491,3430.4885,8.08E-05,2017/11/22
-0.021064569,3352.641,0.000165115,2017/11/23
0.003979068,3354.031,9.13E-05,2017/11/24
-0.007232307,3322.425,7.71E-05,2017/11/27
0.006640899,3333.5767,4.09E-05,2017/11/28
0.000578204,3338.021,4.95E-05,2017/11/29
-0.003654469,3316.4674,4.75E-05,2017/11/30
0.000956193,3317.4417,4.66E-05,2017/12/1
-0.000150458,3309.6486,3.54E-05,2017/12/4
-0.000481072,3303.0779,2.52E-05,2017/12/5
0.000871379,3294.0319,5.35E-05,2017/12/6
-0.002909298,3272.006,3.66E-05,2017/12/7
0.008086668,3290.2046,3.86E-05,2017/12/8
0.009524473,3322.2429,2.02E-05,2017/12/11
-0.011804379,3280.919,2.32E-05,2017/12/12
0.007566608,3303.6512,3.43E-05,2017/12/13
-0.002832596,3293.5772,3.44E-05,2017/12/14
-0.006181904,3266.5588,3.89E-05,2017/12/15
-5.68E-05,3268.2597,3.85E-05,2017/12/18
0.009018905,3296.6947,1.56E-05,2017/12/19
-0.002744032,3287.3931,2.89E-05,2017/12/20
0.005963088,3300.6839,3.42E-05,2017/12/21
-1.49E-05,3297.0868,1.49E-05,2017/12/22
-0.004878725,3280.8758,3.69E-05,2017/12/25
0.008404076,3305.9099,3.22E-05,2017/12/26
-0.008476575,3274.6036,4.04E-05,2017/12/27
0.007361295,3296.5257,3.85E-05,2017/12/28
0.00401928,3308.0265,1.53E-05,2017/12/29
0.009749348,3348.7607,3.86E-05,2018/1/2
0.006563845,3369.6453,2.85E-05,2018/1/3
0.004603801,3386.1215,3.14E-05,2018/1/4
0.001713759,3392.1216,3.37E-05,2018/1/5
0.005199383,3409.4634,2.65E-05,2018/1/8
0.00278219,3414.8656,1.99E-05,2018/1/9
0.002373611,3422.2252,4.45E-05,2018/1/10
0.003480916,3425.5435,3.22E-05,2018/1/11
0.001542866,3429.1888,2.84E-05,2018/1/12
-0.005716385,3409.9835,9.11E-05,2018/1/15
0.010326282,3437.5827,5.07E-05,2018/1/16
0.001438991,3445.3761,0.000126535,2018/1/17
0.007344012,3475.8394,7.17E-05,2018/1/18
0.001688759,3488.8766,4.92E-05,2018/1/19
0.007812145,3503.3431,5.29E-05,2018/1/22
0.011954369,3546.9908,8.57E-05,2018/1/23
0.001774791,3560.5336,5.16E-05,2018/1/24
-0.001453948,3548.3039,5.51E-05,2018/1/25
0.006873111,3559.2876,5.07E-05,2018/1/26
-0.011884188,3523.3791,9.57E-05,2018/1/29
-0.006010254,3488.5986,7.04E-05,2018/1/30
0.003756149,3481.6322,8.33E-05,2018/1/31
-0.009509916,3446.5243,0.000134684,2018/2/1
0.012735979,3463.1639,0.000147543,2018/2/2
0.023000187,3487.5604,0.000130943,2018/2/5
-0.013398997,3369.593,0.000176436,2018/2/6
-0.031974484,3309.6264,0.000392499,2018/2/7
-0.005374664,3262.1569,0.000215834,2018/2/8
-0.012474272,3130.9471,0.00070947,2018/2/9
0.008225796,3154.1651,0.000111252,2018/2/12
0.002276907,3185.0884,5.70E-05,2018/2/13
0.003573416,3199.5168,3.66E-05,2018/2/14
0.008534222,3268.9807,4.14E-05,2018/2/22
0.004398531,3289.1367,5.95E-05,2018/2/23
0.006243096,3330.1044,6.96E-05,2018/2/26
-0.010881589,3291.543,6.07E-05,2018/2/27
-0.000190361,3259.2926,7.65E-05,2018/2/28
0.012615245,3273.8576,5.86E-05,2018/3/1
0.002064313,3254.5107,3.77E-05,2018/3/2
-0.000185791,3256.5817,3.82E-05,2018/3/5
0.006971905,3289.8424,3.98E-05,2018/3/6
-0.005088663,3271.1297,3.85E-05,2018/3/7
0.00603343,3289.4974,3.99E-05,2018/3/8
0.004609813,3307.6377,2.35E-05,2018/3/9
0.002132406,3326.4576,1.94E-05,2018/3/12
-0.003642151,3311.2884,3.09E-05,2018/3/13
-0.002208648,3291.0028,2.01E-05,2018/3/14
0.004183702,3291.4544,3.30E-05,2018/3/15
-0.006064536,3270.3965,1.81E-05,2018/3/16
0.004531067,3279.3408,2.95E-05,2018/3/19
0.011135395,3290.458,3.31E-05,2018/3/20
-0.005792602,3281.4509,4.44E-05,2018/3/21
-0.006235267,3263.8414,4.61E-05,2018/3/22
-0.003822682,3153.0824,0.000206211,2018/3/23
0.005944637,3134.1645,0.000133954,2018/3/26
0.000115602,3166.2225,5.45E-05,2018/3/27
-0.001325594,3122.1887,7.95E-05,2018/3/28
0.01019136,3160.8928,0.000101064,2018/3/29
0.002359304,3169.4149,3.21E-05,2018/3/30
-0.002070369,3163.4536,6.26E-05,2018/4/2
0.003212508,3136.3865,6.62E-05,2018/4/3
-0.005181353,3131.7285,4.37E-05,2018/4/4
0.004393666,3139.3501,8.69E-05,2018/4/9
0.014410207,3190.5846,4.37E-05,2018/4/10
0.002642069,3207.9354,3.96E-05,2018/4/11
-0.006863256,3180.2146,3.02E-05,2018/4/12
-0.010609335,3159.5432,3.92E-05,2018/4/13
-0.012915041,3110.6024,5.82E-05,2018/4/16
-0.014680647,3067.1779,8.34E-05,2018/4/17
-0.000521852,3091.4477,0.000137568,2018/4/18
0.007462208,3117.0764,4.43E-05,2018/4/19
-0.011074696,3071.259,7.59E-05,2018/4/20
0.001450329,3067.8735,8.83E-05,2018/4/23
0.018029948,3129.1027,7.54E-05,2018/4/24
0.002746659,3118.207,3.89E-05,2018/4/25
-0.01421145,3075.8659,4.24E-05,2018/4/26
-0.000756593,3081.9983,7.23E-05,2018/4/27
-0.0022393,3081.5288,4.24E-05,2018/5/2
0.009213631,3101.1364,6.63E-05,2018/5/3
-0.000728722,3090.5864,2.42E-05,2018/5/4
0.012797708,3136.7633,3.04E-05,2018/5/7
0.00851168,3161.7503,2.86E-05,2018/5/8
-0.00036155,3159.1559,2.37E-05,2018/5/9
0.001293713,3175.1668,2.02E-05,2018/5/10
-0.005395518,3162.7328,3.00E-05,2018/5/11
0.001718567,3174.3228,3.55E-05,2018/5/14
0.003333276,3192.269,2.94E-05,2018/5/15
-0.003125843,3169.5771,2.93E-05,2018/5/16
-0.005206488,3154.2901,2.27E-05,2018/5/17
0.013235073,3193.3069,4.43E-05,2018/5/18
0.001816784,3214.3072,2.59E-05,2018/5/21
0.001077062,3214.5454,1.88E-05,2018/5/22
-0.01081735,3169.2425,3.19E-05,2018/5/23
-0.004207713,3155.1182,2.39E-05,2018/5/24
-0.001799566,3142.1514,4.18E-05,2018/5/25
-0.00055302,3135.3646,4.61E-05,2018/5/28
-0.002859154,3120.4452,4.58E-05,2018/5/29
-0.011963781,3041.7428,0.00010121,2018/5/30
0.011451311,3098.0519,6.23E-05,2018/5/31
-0.002098069,3075.4593,7.00E-05,2018/6/1
0.002022833,3091.4667,4.06E-05,2018/6/4
0.008482403,3114.3799,2.78E-05,2018/6/5
0.002826134,3115.5745,1.61E-05,2018/6/6
-0.004111486,3108.4845,2.58E-05,2018/6/7
-0.010914757,3066.616,4.06E-05,2018/6/8
-0.001085758,3052.3376,5.97E-05,2018/6/11
0.008733103,3080.305,6.07E-05,2018/6/12
-0.00668239,3049.9494,4.08E-05,2018/6/13
0.002200194,3044.5333,6.54E-05,2018/6/14
-0.004741008,3022.8957,9.51E-05,2018/6/15
-0.025346984,2907.1499,0.0002855,2018/6/19
0.008826185,2916.3519,0.000111316,2018/6/20
-0.01238478,2875.5823,0.00012493,2018/6/21
0.012187795,2889.7231,0.000123799,2018/6/22
-0.016165556,2859.8093,6.54E-05,2018/6/25
0.007272389,2844.4901,0.000131894,2018/6/26
-0.010511498,2812.8489,0.000110018,2018/6/27
-0.005004759,2785.9586,9.49E-05,2018/6/28
0.018796687,2847.2599,7.18E-05,2018/6/29
-0.023451912,2775.4269,0.000116475,2018/7/2
0.003489447,2786.3276,0.000247926,2018/7/3
-0.005169272,2760.2259,0.000108927,2018/7/4
-0.007885264,2733.4655,0.00012026,2018/7/5
0.005341919,2746.6948,0.000274839,2018/7/6
0.021806472,2815.79,9.19E-05,2018/7/9
0.002799712,2827.6023,5.68E-05,2018/7/10
-0.001040124,2776.8786,0.000101963,2018/7/11
0.023589323,2838.2977,9.79E-05,2018/7/12
0.000608829,2831.2142,3.16E-05,2018/7/13
-0.004742625,2813.9698,6.68E-05,2018/7/16
-0.002436492,2798.321,4.77E-05,2018/7/17
-0.004881084,2788.4439,5.85E-05,2018/7/18
-0.006672503,2772.9971,5.75E-05,2018/7/19
0.021741037,2829.4967,0.00013072,2018/7/20
0.016020568,2859.4428,6.62E-05,2018/7/23
0.014888512,2905.5382,0.000106861,2018/7/24
-0.002563928,2904.3894,4.02E-05,2018/7/25
-0.008049988,2882.52,5.60E-05,2018/7/26
-0.001936564,2874.0123,5.87E-05,2018/7/27
-0.001116147,2869.3453,0.000124217,2018/7/30
0.003693168,2876.8244,5.87E-05,2018/7/31
-0.020342462,2824.647,9.41E-05,2018/8/1
-0.01622143,2767.2311,0.000176805,2018/8/2
-0.007850978,2741.2756,0.000115205,2018/8/3
-0.010854593,2705.7783,0.000177785,2018/8/6
0.024252362,2778.7826,0.000136783,2018/8/7
-0.008040229,2745.1124,0.000100323,2018/8/8
0.023940855,2794.7867,0.000110024,2018/8/9
0.001917255,2795.4203,6.56E-05,2018/8/10
0.008337956,2786.437,5.68E-05,2018/8/13
0.000532157,2780.7441,5.11E-05,2018/8/14
-0.019524741,2723.7106,7.26E-05,2018/8/15
0.005798037,2706.3299,0.000259888,2018/8/16
-0.021578803,2669.0998,7.33E-05,2018/8/17
0.008824597,2696.6091,0.000186918,2018/8/20
0.012683908,2734.0075,5.76E-05,2018/8/21
-0.005856891,2713.9248,4.04E-05,2018/8/22
0.003502116,2724.7496,0.000121363,2018/8/23
0.005599783,2729.1609,7.33E-05,2018/8/24
0.013937272,2777.8857,5.01E-05,2018/8/27
-0.001449263,2777.8811,3.61E-05,2018/8/28
-0.002577612,2767.6767,3.02E-05,2018/8/29
-0.011017773,2739.5201,4.65E-05,2018/8/30
-0.003429847,2720.5237,7.42E-05,2018/8/31
0.001525502,2720.4579,6.04E-05,2018/9/3
0.010957291,2749.6086,7.09E-05,2018/9/4
-0.013039165,2705.145,5.30E-05,2018/9/5
-0.002531331,2690.866,8.21E-05,2018/9/6
0.001034838,2701.627,9.09E-05,2018/9/7
-0.010565189,2669.2093,6.51E-05,2018/9/10
-0.001554948,2664.7044,7.45E-05,2018/9/11
-0.001762647,2655.5358,7.36E-05,2018/9/12
0.000911439,2686.4295,6.84E-05,2018/9/13
-0.002781381,2679.972,5.73E-05,2018/9/14
-0.006182677,2652.2499,5.06E-05,2018/9/17
0.020499674,2699.4255,9.32E-05,2018/9/18
0.013406896,2730.0925,7.82E-05,2018/9/19
-0.001097412,2729.2901,3.04E-05,2018/9/20
0.021601239,2794.9794,7.63E-05,2018/9/21
0.003054487,2780.5845,4.59E-05,2018/9/25
0.007521455,2806.9301,8.37E-05,2018/9/26
-0.004409841,2791.0582,3.94E-05,2018/9/27
0.007914134,2819.9521,4.72E-05,2018/9/28
-0.018378257,2713.0592,9.96E-05,2018/10/8
0.002475359,2720.586,7.91E-05,2018/10/9
-0.000788415,2723.6324,0.000116248,2018/10/10
-0.024570056,2579.5771,0.000224265,2018/10/11
0.012606172,2607.4941,0.000299877,2018/10/12
-0.0148261,2567.6007,0.000126573,2018/10/15
-0.009055773,2545.4053,0.000161053,2018/10/16
-0.006827715,2560.9552,0.000199409,2018/10/17
-0.020970417,2487.5186,0.000134549,2018/10/18
0.035720878,2549.1034,0.00019855,2018/10/19
0.033892346,2654.7007,0.000254958,2018/10/22
-0.021691038,2595.2482,0.00013778,2018/10/23
0.009111413,2603.3211,0.000251863,2018/10/24
0.025279947,2602.3627,0.000250477,2018/10/25
-0.005298508,2599.3444,0.000152391,2018/10/26
-0.018884371,2543.327,0.00016382,2018/10/29
0.011163606,2568.0527,0.000206056,2018/10/30
0.011144381,2601.6753,8.06E-05,2018/10/31
-0.003846447,2607.0785,0.000100988,2018/11/1
0.009266153,2675.7835,0.000126699,2018/11/2
0.001047336,2664.5317,7.69E-05,2018/11/5
-0.000119874,2659.3073,8.41E-05,2018/11/6
-0.006846037,2641.4347,6.87E-05,2018/11/7
-0.0099189,2635.697,6.08E-05,2018/11/8
-0.007077633,2599.2086,3.94E-05,2018/11/9
0.014335234,2630.4271,6.73E-05,2018/11/12
0.02171736,2654.884,9.91E-05,2018/11/13
-0.005285545,2632.1537,5.29E-05,2018/11/14
0.013250906,2667.2164,6.88E-05,2018/11/15
0.003438924,2678.8094,7.19E-05,2018/11/16
0.007891951,2702.7216,8.56E-05,2018/11/19
-0.013400205,2646.6691,5.11E-05,2018/11/20
0.012490675,2650.9969,6.99E-05,2018/11/21
-0.003951662,2645.7511,3.64E-05,2018/11/22
-0.022969377,2579.6459,0.000108385,2018/11/23
-0.002045018,2575.6307,7.09E-05,2018/11/26
-0.0056608,2574.6484,5.14E-05,2018/11/27
0.009880046,2601.0845,6.11E-05,2018/11/28
-0.01775439,2569.5229,4.38E-05,2018/11/29
0.008967303,2587.5142,7.96E-05,2018/11/30
0.002595235,2654.2607,7.06E-05,2018/12/3
0.005313482,2665.08,3.69E-05,2018/12/4
0.008571582,2649.8338,5.46E-05,2018/12/5
-0.009485072,2605.5597,4.02E-05,2018/12/6
-0.001969784,2604.9773,2.65E-05,2018/12/7
-0.00143635,2584.8389,5.31E-05,2018/12/10
0.002392891,2593.2307,2.44E-05,2018/12/11
-0.000537026,2602.1526,1.83E-05,2018/12/12
0.010183622,2634.0848,6.40E-05,2018/12/13
-0.012036185,2595.8072,2.90E-05,2018/12/14
0.004189021,2597.2314,6.11E-05,2018/12/17
-0.002246924,2577.1631,6.75E-05,2018/12/18
-0.011239615,2550.089,4.40E-05,2018/12/19
-0.003474173,2535.993,0.000120408,2018/12/20
-0.004757943,2514.5727,6.75E-05,2018/12/21
0.008361185,2527.8492,4.92E-05,2018/12/24
0.001638659,2505.0732,0.000138893,2018/12/25
-0.000685211,2499.5429,4.94E-05,2018/12/26
-0.017263628,2486.6676,6.62E-05,2018/12/27
0.003698904,2495.2658,6.24E-05,2018/12/28
-0.013913674,2465.113,6.80E-05,2019/1/2
-0.000166822,2461.7049,7.65E-05,2019/1/3
0.02929084,2515.1475,0.000112507,2019/1/4
0.001930649,2533.3024,6.08E-05,2019/1/7
-0.000742424,2526.1897,3.20E-05,2019/1/8
0.003530991,2545.4754,5.88E-05,2019/1/9
-0.003684388,2535.2842,3.79E-05,2019/1/10
0.005232574,2553.3695,6.47E-05,2019/1/11
-0.006926852,2535.917,2.41E-05,2019/1/14
0.012913326,2569.5332,4.49E-05,2019/1/15
0.000689279,2570.384,2.16E-05,2019/1/16
-0.005467611,2559.5223,4.77E-05,2019/1/17
0.010994697,2596.128,6.28E-05,2019/1/18
0.003661101,2609.8624,3.28E-05,2019/1/21
-0.011542409,2579.6691,3.14E-05,2019/1/22
0.001986456,2580.5188,3.38E-05,2019/1/23
0.002289978,2591.2862,3.31E-05,2019/1/24
0.002210044,2601.3722,3.41E-05,2019/1/25
-0.007791214,2597.3823,4.44E-05,2019/1/28
0.000757087,2593.5492,0.000124719,2019/1/29
-0.002730777,2576.1481,3.51E-05,2019/1/30
0.000601058,2583.7232,6.00E-05,2019/1/31
0.00672853,2618.095,3.05E-05,2019/2/1
0.015013393,2654.0316,4.41E-05,2019/2/11
0.007050532,2671.8626,3.92E-05,2019/2/12
0.01726113,2720.9299,5.18E-05,2019/2/13
0.002469204,2719.696,4.56E-05,2019/2/14
-0.010726453,2683.4845,3.46E-05,2019/2/15
0.018889673,2753.2039,4.87E-05,2019/2/18
-0.001543835,2755.1612,0.000115328,2019/2/19
7.43E-05,2760.6729,5.65E-05,2019/2/20
-0.002646047,2752.1643,0.000106428,2019/2/21
0.019412852,2803.2727,7.72E-05,2019/2/22
0.04072184,2959.8149,0.000242892,2019/2/25
-0.00769261,2942.1255,0.000395762,2019/2/26
0.00430752,2953.0584,0.0003006,2019/2/27
-0.003200587,2940.4054,0.000192785,2019/2/28
0.012284088,2992.445,0.000176046,2019/3/1
0.012660003,3054.4341,0.000128357,2019/3/5
0.013302582,3101.1404,0.000172067,2019/3/6
0.001877575,3106.4387,0.000242305,2019/3/7
-0.020922172,2969.5815,0.000266066,2019/3/8
0.01760422,3027.4489,0.000145214,2019/3/11
0.003368605,3059.9139,0.00014761,2019/3/12
-0.011269219,3027.489,0.00024865,2019/3/13
-0.007494478,2990.1503,0.000189484,2019/3/14
0.005506906,3021.7758,0.00014267,2019/3/15
0.022187144,3096.1245,0.000114251,2019/3/18
-0.002831758,3090.8351,8.79E-05,2019/3/19
0.002191482,3090.1982,0.000160555,2019/3/20
0.0021732,3101.4263,0.000100477,2019/3/21
0.00098362,3103.843,0.000122188,2019/3/22
-0.003915923,3043.4296,0.000118246,2019/3/25
-0.019914477,2997.0677,0.00011975,2019/3/26
0.002346335,3022.7623,0.000104276,2019/3/27
-0.005210138,2994.084,8.81E-05,2019/3/28
0.028666562,3090.5879,0.000112774,2019/3/29
0.017846847,3170.025,0.000112447,2019/4/1
-0.002262095,3176.6415,8.27E-05,2019/4/2
0.018789095,3216.0217,0.000101222,2019/4/3
0.003315007,3245.427,0.000122588,2019/4/4
-0.009130289,3244.22,0.000152044,2019/4/8
0.000467686,3239.6842,8.58E-05,2019/4/9
0.006810697,3242.1535,0.000119275,2019/4/10
-0.015899361,3190.062,0.000174096,2019/4/11
0.001205656,3188.9826,9.09E-05,2019/4/12
-0.018091475,3179.0386,1.00E-04,2019/4/15
0.028038205,3251.6549,0.000147931,2019/4/16
0.003915637,3262.657,8.97E-05,2019/4/17
-0.003220103,3250.278,7.11E-05,2019/4/18
0.005875044,3269.3395,0.000111464,2019/4/19
-0.01964648,3215.0359,0.000126496,2019/4/22
-0.003755913,3199.3566,0.000135534,2019/4/23
-0.000907881,3201.7177,0.00011935,2019/4/24
-0.020925097,3123.951,0.000111242,2019/4/25
-0.00689843,3087.7115,0.00014677,2019/4/26
-0.010244989,3062.4563,0.000248903,2019/4/29
0.008324514,3078.4101,0.00010033,2019/4/30
-0.02427289,2905.6681,0.000344756,2019/5/6
0.002146514,2926.4836,0.000194275,2019/5/7
0.009375476,2893.7072,0.000152233,2019/5/8
-0.006554804,2851.4065,0.000184737,2019/5/9
0.018687006,2938.2688,0.000701262,2019/5/10
0.00072401,2904.049,0.00010435,2019/5/13
0.003961056,2884.3816,0.000183645,2019/5/14
0.010682093,2938.6624,4.57E-05,2019/5/15
0.007609858,2955.9122,4.93E-05,2019/5/16
-0.025616543,2881.526,0.00010023,2019/5/17
-0.001108561,2870.9604,0.000204464,2019/5/20
0.013560534,2906.9632,9.65E-05,2019/5/21
-0.004758427,2891.3788,6.77E-05,2019/5/22
-0.009519572,2852.4436,8.81E-05,2019/5/23
0.001905944,2853.2731,9.53E-05,2019/5/24
0.014123661,2892.6748,0.000139777,2019/5/27
0.003763732,2901.0625,7.12E-05,2019/5/28
0.007375891,2915.3508,6.50E-05,2019/5/29
0.001261234,2905.4952,4.22E-05,2019/5/30
-0.000809041,2901.8909,4.40E-05,2019/5/31
-0.004850605,2889.6706,0.000110336,2019/6/3
-0.008971723,2861.756,5.82E-05,2019/6/4
-0.007237555,2863.0431,4.34E-05,2019/6/5
-0.011450206,2828.1842,6.01E-05,2019/6/6
0.00667844,2852.278,8.16E-05,2019/6/10
0.02437192,2925.4166,6.07E-05,2019/6/11
-0.00172082,2909.5371,3.08E-05,2019/6/12
0.002440318,2911.6953,5.67E-05,2019/6/13
-0.010894175,2881.3741,4.08E-05,2019/6/14
0.002300616,2887.9379,4.76E-05,2019/6/17
-0.000662136,2889.9877,4.02E-05,2019/6/18
-0.009851401,2917.7827,2.96E-05,2019/6/19
0.023938364,2986.7024,0.00011298,2019/6/20
0.005248346,3005.5606,5.04E-05,2019/6/21
0.001240026,3008.0118,3.26E-05,2019/6/24
-0.007127414,2982.102,0.000102522,2019/6/25
0.00420615,2975.83,2.95E-05,2019/6/26
0.004760225,2997.0435,5.47E-05,2019/6/27
-0.004355499,2978.5813,4.19E-05,2019/6/28
0.005622836,3044.8057,4.24E-05,2019/7/1
0.001294967,3043.9019,1.67E-05,2019/7/2
-0.005176665,3014.8437,3.77E-05,2019/7/3
-0.003958521,3005.2188,3.40E-05,2019/7/4
0.002123168,3011.199,2.78E-05,2019/7/5
-0.020821295,2933.9239,0.000120059,2019/7/8
-0.000911165,2928.1035,3.65E-05,2019/7/9
-0.006958883,2914.6148,2.79E-05,2019/7/10
-0.00355165,2917.8762,4.84E-05,2019/7/11
0.005731786,2931.6104,5.36E-05,2019/7/12
-0.000326294,2937.6715,1.94E-05,2019/7/16
-0.000389656,2931.759,2.77E-05,2019/7/17
-0.00644971,2901.2661,2.19E-05,2019/7/18
0.003715225,2923.8484,3.73E-05,2019/7/19
-0.013472036,2886.6507,0.000112784,2019/7/22
0.004142504,2899.4886,2.50E-05,2019/7/23
0.00527931,2923.1782,3.57E-05,2019/7/24
0.004630002,2935.964,1.69E-05,2019/7/25
0.006035039,2945.8199,1.69E-05,2019/7/26
-0.000472393,2941.7705,1.44E-05,2019/7/29
0.001583938,2951.6312,1.95E-05,2019/7/30
-0.003880098,2932.4764,1.99E-05,2019/7/31
-0.003413576,2908.8651,1.85E-05,2019/8/1
0.003817218,2867.9967,3.19E-05,2019/8/2
-0.011083181,2821.614,5.80E-05,2019/8/5
0.001767516,2777.5346,0.000123514,2019/8/6
-0.008096894,2768.7895,2.83E-05,2019/8/7
0.002807187,2794.3274,3.50E-05,2019/8/8
-0.011047454,2774.7434,2.90E-05,2019/8/9
0.011217816,2814.5883,2.88E-05,2019/8/12
0.000947089,2797.3646,2.04E-05,2019/8/13
-0.006136406,2809.0879,1.78E-05,2019/8/14
0.019921421,2815.7804,4.48E-05,2019/8/15
0.002629303,2824.2295,2.62E-05,2019/8/16
0.01592492,2882.8919,4.31E-05,2019/8/19
0.001016968,2880.2173,3.34E-05,2019/8/20
0.002069931,2880.8538,1.45E-05,2019/8/21
-0.001373449,2883.6008,1.82E-05,2019/8/22
0.004405875,2897.5361,5.46E-05,2019/8/23
0.004974439,2863.7142,5.67E-05,2019/8/26
0.010034861,2908.4459,5.45E-05,2019/8/27
-0.002711853,2894.0166,1.52E-05,2019/8/28
-0.002210814,2890.578,2.23E-05,2019/8/29
-0.00776775,2884.8818,3.75E-05,2019/8/30
0.012771653,2924.0591,3.99E-05,2019/9/2
0.001688011,2930.0588,1.83E-05,2019/9/3
0.010496394,2956.8934,6.26E-05,2019/9/4
0.003951582,2984.4429,5.32E-05,2019/9/5
0.00078291,2999.3487,2.64E-05,2019/9/6
-0.000666248,3023.6933,3.84E-05,2019/9/9
-0.002186251,3020.4568,3.40E-05,2019/9/10
-0.007833501,3006.6772,3.62E-05,2019/9/11
0.004100263,3029.8874,2.23E-05,2019/9/12
-0.004629903,3028.8725,2.43E-05,2019/9/16
-0.014529946,2978.2415,4.45E-05,2019/9/17
0.0002646,2985.6524,2.61E-05,2019/9/18
0.001696663,2998.0693,2.17E-05,2019/9/19
0.001146715,3007.0897,1.62E-05,2019/9/20
-0.007160856,2976.9615,5.86E-05,2019/9/23
0.002124973,2985.7017,3.15E-05,2019/9/24
-0.006736553,2955.5304,4.62E-05,2019/9/25
-0.011981223,2929.2761,5.90E-05,2019/9/26
0.000802856,2932.8359,2.64E-05,2019/9/27
-0.007656562,2905.2888,3.43E-05,2019/9/30
0.001591999,2913.5003,3.01E-05,2019/10/8
0.008300431,2924.8455,3.34E-05,2019/10/9
0.008278947,2947.0799,2.46E-05,2019/10/10
0.006168827,2973.0046,4.19E-05,2019/10/11
0.003852634,3008.0447,4.56E-05,2019/10/14
-0.003946371,2991.3241,2.49E-05,2019/10/15
-0.005349616,2977.0592,4.34E-05,2019/10/16
-0.001229093,2976.546,1.75E-05,2019/10/17
-0.014492718,2939.401,5.42E-05,2019/10/18
0.001852272,2939.4378,4.46E-05,2019/10/21
0.002989036,2954.1574,2.72E-05,2019/10/22
-0.003623221,2941.5181,1.72E-05,2019/10/23
-0.000785624,2940.5814,3.28E-05,2019/10/24
0.004692566,2953.3446,4.29E-05,2019/10/25
0.007039018,2979.9829,4.90E-05,2019/10/28
-0.007665849,2954.6062,1.75E-05,2019/10/29
-0.002810964,2939.9782,2.81E-05,2019/10/30
-0.005967933,2927.3727,2.73E-05,2019/10/31
0.011209989,2956.7726,3.76E-05,2019/11/1
0.003419235,2976.0976,1.73E-05,2019/11/4
0.004586258,2992.0296,4.82E-05,2019/11/5
-0.004719105,2977.3223,2.04E-05,2019/11/6
0.000319407,2977.8666,2.42E-05,2019/11/7
-0.010077722,2965.0874,2.47E-05,2019/11/8
-0.012715145,2910.3509,5.13E-05,2019/11/11
0.000282857,2913.9001,3.93E-05,2019/11/12
-0.002808452,2904.5304,3.40E-05,2019/11/13
0.0008905,2910.1111,2.51E-05,2019/11/14
-0.006880267,2891.4004,3.20E-05,2019/11/15
0.006891983,2909.0512,3.16E-05,2019/11/18
0.009528136,2932.609,1.45E-05,2019/11/19
-0.005706723,2911.6185,1.71E-05,2019/11/20
8.01E-05,2902.5848,2.69E-05,2019/11/21
-0.007165924,2885.1195,7.15E-05,2019/11/22
0.007102898,2906.6091,3.99E-05,2019/11/25
-0.001732595,2907.1045,1.91E-05,2019/11/26
-0.001089871,2902.0631,3.01E-05,2019/11/27
-0.004857105,2888.546,1.99E-05,2019/11/28
-0.004773468,2871.9219,3.71E-05,2019/11/29
-8.49E-05,2874.9933,2.06E-05,2019/12/2
0.005890122,2884.8206,2.00E-05,2019/12/3
0.001037637,2878.2216,1.54E-05,2019/12/4
0.004565079,2899.7237,2.11E-05,2019/12/5
0.002729366,2910.2102,1.31E-05,2019/12/6
-0.000100881,2914.1636,1.93E-05,2019/12/9
0.002998034,2917.6781,9.47E-06,2019/12/10
0.000907907,2924.4245,1.46E-05,2019/12/11
-0.00324849,2915.662,1.04E-05,2019/12/12
0.010231887,2967.9896,2.31E-05,2019/12/13
0.004743253,2984.6017,2.20E-05,2019/12/16
0.012650327,3022.0877,4.84E-05,2019/12/17
-0.0012933,3016.993,2.67E-05,2019/12/18
1.16E-05,3016.9565,1.82E-05,2019/12/19
-0.005287323,3004.5127,2.76E-05,2019/12/20
-0.012267983,2961.6455,4.62E-05,2019/12/23
0.005208264,2982.622,1.65E-05,2019/12/24
0.000496904,2982.406,2.22E-05,2019/12/25
0.008534964,3006.444,2.49E-05,2019/12/26
-0.000647911,3005.7672,4.18E-05,2019/12/27
0.013317958,3038.3155,6.47E-05,2019/12/30
0.004857196,3050.6957,2.67E-05,2019/12/31
0.006052798,3085.019,4.47E-05,2020/1/2
-0.002000069,3082.8082,2.38E-05,2020/1/3
0.00443015,3084.1215,6.43E-05,2020/1/6
0.006094378,3104.6547,3.02E-05,2020/1/7
-0.008795519,3066.1128,3.45E-05,2020/1/8
0.003151505,3094.284,1.87E-05,2020/1/9
-0.003488854,3092.0357,2.87E-05,2020/1/10
0.007947512,3115.1916,3.55E-05,2020/1/13
-0.004285676,3106.7743,1.58E-05,2020/1/14
-0.00389377,3090.178,2.67E-05,2020/1/15
-0.006887363,3074.4299,2.13E-05,2020/1/16
-0.002290668,3075.3585,2.52E-05,2020/1/17
0.004425114,3095.9582,2.37E-05,2020/1/20
-0.010571795,3052.2096,3.28E-05,2020/1/21
0.007964368,3061.3145,8.80E-05,2020/1/22
-0.019519332,2978.6598,0.000182781,2020/1/23
0.009152592,2743.0089,0.000161102,2020/2/3
0.031861816,2783.6696,0.000517486,2020/2/4
0.009704436,2819.5082,0.000151449,2020/2/5
0.014017359,2865.0663,0.000129496,2020/2/6
0.007044317,2875.7485,9.90E-05,2020/2/7
0.011496252,2891.223,9.01E-05,2020/2/10
0.002407243,2901.4098,9.51E-05,2020/2/11
0.01051647,2925.1917,3.17E-05,2020/2/12
-0.007068876,2906.0661,6.66E-05,2020/2/13
0.005675711,2916.4252,4.74E-05,2020/2/14
0.01944465,2982.9481,4.32E-05,2020/2/17
0.00133595,2984.8883,4.42E-05,2020/2/18
-0.001607725,2974.7341,4.75E-05,2020/2/19
0.01565717,3030.1508,7.39E-05,2020/2/20
0.006185349,3039.736,7.81E-05,2020/2/21
0.001440963,3031.8925,8.42E-05,2020/2/24
0.011325785,3012.9935,0.000188874,2020/2/25
0.003254123,2988.2417,0.000216431,2020/2/26
-0.001794716,2990.4908,6.02E-05,2020/2/27
-0.01508372,2880.4939,0.000178458,2020/2/28
0.022223826,2970.6494,0.000104774,2020/3/2
-0.004096898,2994.5665,8.07E-05,2020/3/3
0.010511741,3011.9964,9.60E-05,2020/3/4
0.011019592,3071.3383,8.23E-05,2020/3/5
-0.000731994,3034.9786,5.40E-05,2020/3/6
-0.013699035,2943.7633,0.000111574,2020/3/9
0.024957607,2997.5933,0.000453079,2020/3/10
-0.010213209,2970.3351,7.62E-05,2020/3/11
-0.003993307,2923.9817,0.000151878,2020/3/12
0.029175277,2887.7483,0.000598767,2020/3/13
-0.037284672,2791.1209,0.00026791,2020/3/16
-0.007315373,2779.2232,0.000606845,2020/3/17
-0.023763393,2729.1176,0.000165276,2020/3/18
-0.007445925,2702.6185,0.000339343,2020/3/19
0.0060224,2747.3468,0.000113506,2020/3/20
-0.004528875,2662.2189,0.000173351,2020/3/23
0.006027556,2722.3561,0.000169351,2020/3/24
0.001270086,2781.025,8.11E-05,2020/3/25
0.001476414,2765.1539,4.60E-05,2020/3/26
-0.00792101,2773.0148,8.10E-05,2020/3/27
0.002586253,2745.8157,7.72E-05,2020/3/30
-0.006287128,2750.1481,6.07E-05,2020/3/31
-0.003257959,2734.035,7.53E-05,2020/4/1
0.021036446,2778.0933,9.17E-05,2020/4/2
-0.002636839,2764.7048,4.26E-05,2020/4/3
0.003537495,2818.6091,3.35E-05,2020/4/7
0.004139295,2815.3791,2.67E-05,2020/4/8
-0.000613447,2825.9461,2.35E-05,2020/4/9
-0.010140085,2796.7841,6.56E-05,2020/4/10
-0.00032584,2783.1236,3.75E-05,2020/4/13
0.010788923,2825.8498,2.70E-05,2020/4/14
-0.005032279,2810.7448,2.35E-05,2020/4/15
0.00771212,2819.4493,2.17E-05,2020/4/16
0.000710589,2838.2339,4.07E-05,2020/4/17
0.004211004,2852.5875,1.89E-05,2020/4/20
-0.004484073,2828.1489,3.48E-05,2020/4/21
0.010550048,2843.6457,2.28E-05,2020/4/22
-0.004303271,2837.9076,2.73E-05,2020/4/23
-0.008949259,2808.9009,3.41E-05,2020/4/24
0.001510814,2816.5043,3.94E-05,2020/4/27
-0.003764003,2810.6682,0.000213237,2020/4/28
0.006400637,2818.7219,4.08E-05,2020/4/29
0.009417868,2860.4625,4.40E-05,2020/4/30
0.016725392,2878.4119,6.83E-05,2020/5/6
-0.001563666,2871.1306,2.11E-05,2020/5/7
0.003831383,2895.3579,2.10E-05,2020/5/8
-0.002466,2895.089,3.52E-05,2020/5/11
-0.00073667,2892.4947,3.07E-05,2020/5/12
0.005635367,2897.526,1.62E-05,2020/5/13
-0.005486063,2870.5876,1.96E-05,2020/5/14
-0.004650126,2868.3393,1.89E-05,2020/5/15
0.001218155,2876.1809,2.69E-05,2020/5/18
0.000375811,2898.8123,1.16E-05,2020/5/19
-0.004114756,2883.8051,2.01E-05,2020/5/20
-0.007375461,2868.9969,3.24E-05,2020/5/21
-0.016883312,2814.7948,7.27E-05,2020/5/22
0.00051871,2817.5237,5.32E-05,2020/5/25
0.006851048,2848.3371,1.59E-05,2020/5/26
-0.003274303,2837.5421,2.23E-05,2020/5/27
0.002545817,2845.3394,5.16E-05,2020/5/28
0.005709459,2852.0036,2.89E-05,2020/5/29
0.013997186,2914.8655,2.56E-05,2020/6/1
0.00158804,2920.444,3.24E-05,2020/6/2
-0.002256409,2923.784,2.96E-05,2020/6/3
-0.004438019,2918.8279,2.53E-05,2020/6/4
0.002646762,2930.5076,2.81E-05,2020/6/5
