DATE,SPX2.r,SPX2.closeprice,SPX2.rv
2016/1/4,-0.012450854,2012.98,0.000347597
2016/1/5,0.001563,2016.93,6.26E-05
2016/1/6,-0.01054147,1990.615,0.000198655
2016/1/7,-0.021469743,1943.15,0.000391137
2016/1/8,-0.012529542,1921.74,0.000176278
2016/1/11,-0.001402765,1923.42,0.000162105
2016/1/12,0.005694838,1938.84,0.000178491
2016/1/13,-0.026138249,1890.28,0.0002054
2016/1/14,0.015541922,1921.31,0.000162903
2016/1/15,-0.019269556,1880.1,0.00050904
2016/1/19,-0.003883294,1881.34,0.000199951
2016/1/20,-0.008940916,1859.48,0.000436934
2016/1/21,0.003892578,1868.72,0.000297231
2016/1/22,0.015549092,1906.82,0.000182307
2016/1/25,-0.015276511,1877.38,7.11E-05
2016/1/26,0.013124131,1903.61,0.000128348
2016/1/27,-0.010249347,1883.12,0.000201177
2016/1/28,0.004150042,1893.06,0.00025759
2016/1/29,0.023094509,1938.25,7.44E-05
2016/2/1,0.000985606,1938.85,0.000122926
2016/2/2,-0.016804841,1903.01,0.000120066
2016/2/3,0.002885083,1912.58,0.000275962
2016/2/4,0.001938831,1915.38,0.0001841
2016/2/5,-0.017485378,1879.91,0.000142048
2016/2/8,-0.010534406,1853.62,0.000293488
2016/2/9,0.002194014,1852.52,0.000297181
2016/2/10,-0.002922796,1851.68,0.000165026
2016/2/11,-0.00999018,1828.64,0.000305049
2016/2/12,0.016772483,1864.41,9.70E-05
2016/2/16,0.012552866,1895.08,9.25E-05
2016/2/17,0.01450354,1926.54,7.35E-05
2016/2/18,-0.005180523,1917.61,4.35E-05
2016/2/19,0.000933909,1917.57,7.01E-05
2016/2/22,0.010745206,1945.23,6.74E-05
2016/2/23,-0.0109276,1921.27,4.97E-05
2016/2/24,0.006243636,1929.57,0.000186458
2016/2/25,0.01023796,1951.75,6.79E-05
2016/2/26,-0.003617882,1947.89,5.54E-05
2016/2/29,-0.00789393,1931.82,4.79E-05
2016/3/1,0.020884219,1977.97,6.45E-05
2016/3/2,0.004819895,1986.15,4.26E-05
2016/3/3,0.003900522,1993.36,2.81E-05
2016/3/4,0.002804475,1999.61,4.07E-05
2016/3/7,0.002731586,2001.57,5.03E-05
2016/3/8,-0.008771986,1979.44,7.15E-05
2016/3/9,0.003788036,1988.96,5.71E-05
2016/3/10,-0.000663213,1989.65,0.000110859
2016/3/11,0.013243117,2021.92,6.09E-05
2016/3/14,9.41E-05,2019.46,1.95E-05
2016/3/15,0.000282801,2015.84,3.28E-05
2016/3/16,0.006615807,2027.61,7.38E-05
2016/3/17,0.0068671,2040.6,2.33E-05
2016/3/18,0.003901919,2049.14,2.60E-05
2016/3/21,0.001761247,2051.49,1.75E-05
2016/3/22,0.000683147,2050.04,2.67E-05
2016/3/23,-0.005791555,2036.72,2.19E-05
2016/3/24,0.001720553,2035.98,3.59E-05
2016/3/28,-0.000407367,2037.06,1.57E-05
2016/3/29,0.009513731,2055.21,3.10E-05
2016/3/30,0.002794558,2064.03,3.05E-05
2016/3/31,-0.001959501,2059.73,1.39E-05
2016/4/1,0.00787991,2072.89,5.15E-05
2016/4/4,-0.003474113,2066,1.80E-05
2016/4/5,-0.008369472,2045.31,6.34E-05
2016/4/6,0.010325088,2066.79,3.07E-05
2016/4/7,-0.010206979,2042.06,5.98E-05
2016/4/8,0.001006562,2047.6,4.64E-05
2016/4/11,-0.003968395,2042.11,3.77E-05
2016/4/12,0.008798011,2061.78,3.77E-05
2016/4/13,0.007969437,2082.45,3.37E-05
2016/4/14,-0.000172852,2082.53,1.63E-05
2016/4/15,-0.001272952,2080.45,6.11E-06
2016/4/18,0.007442782,2094.36,2.09E-05
2016/4/19,0.002258843,2100.79,2.00E-05
2016/4/20,0.000423413,2102.41,1.54E-05
2016/4/21,-0.004997984,2091.61,2.39E-05
2016/4/22,8.61E-05,2091.67,2.23E-05
2016/4/25,-0.00069423,2087.92,2.17E-05
2016/4/26,0.000784441,2091.48,1.72E-05
2016/4/27,0.001518683,2095.51,3.06E-05
2016/4/28,-0.007067235,2076.205,3.65E-05
2016/4/29,-0.003050279,2065.51,5.23E-05
2016/5/2,0.006860222,2081.4,2.31E-05
2016/5/3,-0.006656097,2063.4,5.19E-05
2016/5/4,-0.004441241,2051.17,3.55E-05
2016/5/5,-0.001194117,2050.5,3.41E-05
2016/5/6,0.004594439,2057.2,4.30E-05
2016/5/9,0.000651048,2058.89,2.19E-05
2016/5/10,0.010494379,2084.39,2.06E-05
2016/5/11,-0.009002185,2064.62,2.24E-05
2016/5/12,-0.001311831,2064.46,4.74E-05
2016/5/13,-0.007763391,2046.55,3.36E-05
2016/5/16,0.009763908,2066.61,2.01E-05
2016/5/17,-0.008808487,2046.93,3.56E-05
2016/5/18,0.001485899,2047.42,9.16E-05
2016/5/19,-0.002091011,2039.94,6.47E-05
2016/5/20,0.005017072,2052.15,2.62E-05
2016/5/23,-0.001853361,2048.43,1.12E-05
2016/5/24,0.011296873,2075.97,2.79E-05
2016/5/25,0.005396848,2090.18,2.24E-05
2016/5/26,-0.000650481,2090.08,1.17E-05
2016/5/27,0.004130097,2098.71,8.90E-06
2016/5/31,-0.001634567,2096.7,1.73E-05
2016/6/1,0.002518388,2099.22,2.96E-05
2016/6/2,0.003426437,2104.91,1.80E-05
2016/6/3,-0.002379175,2099.07,3.53E-05
2016/6/6,0.004047338,2109.35,1.55E-05
2016/6/7,0.001060958,2112.42,6.75E-06
2016/6/8,0.003043581,2119.15,1.02E-05
2016/6/9,-3.78E-05,2115.57,1.99E-05
2016/6/10,-0.006348412,2096.22,3.83E-05
2016/6/13,-0.006032261,2079.17,2.74E-05
2016/6/14,-0.000606931,2075.39,3.89E-05
2016/6/15,-0.002679752,2072.04,2.43E-05
2016/6/16,0.005660597,2078.09,5.51E-05
2016/6/17,-0.003364329,2071.22,2.96E-05
2016/6/20,0.00172459,2083.45,7.53E-05
2016/6/21,0.001739335,2088.82,2.36E-05
2016/6/22,-0.002045397,2085.48,2.58E-05
2016/6/23,0.009582193,2112.95,3.42E-05
2016/6/24,-0.032134402,2037.28,0.000628418
2016/6/27,-0.015302688,2000.6,0.000128667
2016/6/28,0.014466262,2035.91,8.36E-05
2016/6/29,0.013522557,2070.5,6.33E-05
2016/6/30,0.012348854,2098.93,3.44E-05
2016/7/1,0.001561177,2102.62,1.51E-05
2016/7/5,-0.003260602,2088.23,2.78E-05
2016/7/6,0.007256177,2099.61,4.77E-05
2016/7/7,-0.001295818,2097.7,2.95E-05
2016/7/8,0.010579961,2129.38,1.53E-05
2016/7/11,0.002445734,2136.94,1.86E-05
2016/7/12,0.005848719,2152.05,3.14E-05
2016/7/13,-0.000743146,2152.21,1.32E-05
2016/7/14,0.002601022,2163.5,2.72E-05
2016/7/15,-0.001728873,2161.39,1.12E-05
2016/7/18,0.002185359,2166.77,6.39E-06
2016/7/19,0,2163.79,6.95E-06
2016/7/20,0.003231006,2173.11,5.12E-06
2016/7/21,-0.003651541,2164.99,1.14E-05
2016/7/22,0.003814601,2174.75,7.00E-06
2016/7/25,-0.002381255,2168.54,1.07E-05
2016/7/26,8.30E-05,2169.15,2.03E-05
2016/7/27,-0.001305113,2166.98,2.30E-05
2016/7/28,0.001794285,2169.94,2.40E-05
2016/7/29,0.002049695,2173.28,1.61E-05
2016/8/1,-0.001137245,2170.68,2.21E-05
2016/8/2,-0.005939426,2157.09,2.49E-05
2016/8/3,0.003060025,2163.42,1.18E-05
2016/8/4,0.000397423,2164.37,1.12E-05
2016/8/5,0.006237452,2182.36,9.67E-06
2016/8/8,-0.001370136,2180.77,5.62E-06
2016/8/9,-0.000261234,2181.67,5.15E-06
2016/8/10,-0.003345321,2175.52,1.06E-05
2016/8/11,0.003565769,2185.75,1.17E-05
2016/8/12,1.83E-05,2183.78,5.26E-06
2016/8/15,0.001864615,2190.16,3.90E-06
2016/8/16,-0.00365678,2178.26,1.15E-05
2016/8/17,0.001876246,2181.93,1.64E-05
2016/8/18,0.002252377,2186.82,6.16E-06
2016/8/19,-0.000270153,2183.65,1.41E-05
2016/8/22,0.000513258,2182.7,2.26E-05
2016/8/23,-0.000411455,2186.91,6.63E-06
2016/8/24,-0.004278989,2175.76,1.07E-05
2016/8/25,-0.000257707,2172.73,1.54E-05
2016/8/26,-0.002642447,2169.36,3.76E-05
2016/8/29,0.004702797,2180.42,8.60E-06
2016/8/30,-0.001519886,2176.14,1.41E-05
2016/8/31,-0.00128904,2170.76,1.27E-05
2016/9/1,-0.000331649,2170.61,2.44E-05
2016/9/2,0.001119929,2179.93,1.47E-05
2016/9/6,0.002238956,2186.5,1.05E-05
2016/9/7,0.000443803,2186.14,7.13E-06
2016/9/8,-0.000742455,2181.14,8.72E-06
2016/9/9,-0.019031261,2128.19,4.41E-05
2016/9/12,0.017851275,2159.06,5.66E-05
2016/9/13,-0.010964484,2127.02,9.40E-05
2016/9/14,-0.000945057,2125.85,4.68E-05
2016/9/15,0.010256068,2147.27,3.73E-05
2016/9/16,-0.003523587,2138.93,4.27E-05
2016/9/19,-0.002260025,2139.15,2.43E-05
2016/9/20,-0.002968137,2139.58,1.95E-05
2016/9/21,0.008570911,2163.04,3.35E-05
2016/9/22,0.002746187,2176.91,2.32E-05
2016/9/23,-0.003858739,2164.92,1.17E-05
2016/9/26,-0.0055888,2146.51,2.11E-05
2016/9/27,0.006433011,2159.89,2.46E-05
2016/9/28,0.004278827,2171.12,2.30E-05
2016/9/29,-0.00823149,2151.12,4.63E-05
2016/9/30,0.005313909,2168,3.08E-05
2016/10/3,-0.00155365,2160.97,1.71E-05
2016/10/4,-0.005948218,2150.54,4.33E-05
2016/10/5,0.002074269,2159.625,1.23E-05
2016/10/6,0.001194716,2160.8,1.77E-05
2016/10/7,-0.004840292,2153.74,2.74E-05
2016/10/10,0.001503228,2163.64,1.12E-05
2016/10/11,-0.011348768,2136.96,3.42E-05
2016/10/12,0.000808965,2139.4,1.83E-05
2016/10/13,0.0011635,2132.74,3.79E-05
2016/10/14,-0.003037773,2133.19,2.65E-05
2016/10/17,-0.003056778,2126.44,1.51E-05
2016/10/18,0.000518967,2139.42,1.67E-05
2016/10/19,0.001666204,2144.38,7.42E-06
2016/10/20,-0.00062096,2141.18,2.93E-05
2016/10/21,0.000733571,2141,2.03E-05
2016/10/24,0.001107136,2150.88,1.15E-05
2016/10/25,-0.00296291,2143.36,1.04E-05
2016/10/26,0.001197241,2139.53,2.29E-05
2016/10/27,-0.005003026,2133.36,2.28E-05
2016/10/28,-0.00270035,2126.48,5.88E-05
2016/10/31,-0.00165412,2126.26,1.41E-05
2016/11/1,-0.007989817,2111.74,3.54E-05
2016/11/2,-0.005404661,2098.06,4.40E-05
2016/11/3,-0.004814315,2088.72,1.83E-05
2016/11/4,0.000762742,2085.38,3.17E-05
2016/11/7,0.014546708,2131.37,5.82E-05
2016/11/8,0.004590559,2139.72,3.16E-05
2016/11/9,0.014646664,2163.01,0.000121685
2016/11/10,8.30E-05,2167.67,0.00011263
2016/11/11,0.000679472,2164.18,3.14E-05
2016/11/14,-0.000568123,2164.41,2.74E-05
2016/11/15,0.005583267,2180.43,1.11E-05
2016/11/16,-0.000266392,2176.95,1.45E-05
2016/11/17,0.003880262,2187.08,6.83E-06
2016/11/18,-0.002206516,2182.03,9.49E-06
2016/11/21,0.005366492,2198.195,9.26E-06
2016/11/22,0.000553999,2202.78,8.51E-06
2016/11/23,0.002716282,2204.53,7.50E-06
2016/11/25,0.003203898,2213.35,1.99E-06
2016/11/28,-0.003753285,2201.93,9.72E-06
2016/11/29,0.001822708,2204.775,9.15E-06
2016/11/30,-0.002583869,2199.28,2.80E-05
2016/12/1,-0.004149185,2191.06,2.13E-05
2016/12/2,0.000438036,2192.08,1.46E-05
2016/12/5,0.00184321,2204.71,8.43E-06
2016/12/6,0.002221906,2212.27,8.86E-06
2016/12/7,0.013501302,2240.77,2.27E-05
2016/12/8,0.002166201,2245.99,1.62E-05
2016/12/9,0.004351044,2259.54,8.40E-06
2016/12/12,-0.000828205,2256.96,1.45E-05
2016/12/13,0.003664874,2271.63,1.52E-05
2016/12/14,-0.006621384,2253.38,7.83E-05
2016/12/15,0.003636166,2261.98,2.87E-05
2016/12/16,-0.00389852,2257.99,2.10E-05
2016/12/19,0.001490541,2262.61,9.54E-06
2016/12/20,0.001833747,2270.66,8.16E-06
2016/12/21,-0.002319317,2265.28,3.82E-06
2016/12/22,-0.000857663,2260.99,6.42E-06
2016/12/23,0.001463369,2263.56,2.61E-06
2016/12/27,0.001146622,2268.83,5.59E-06
2016/12/28,-0.008955376,2249.99,1.24E-05
2016/12/29,-3.11E-05,2249.43,1.16E-05
2016/12/30,-0.005263404,2239.79,2.20E-05
2017/1/3,0.002616967,2257.47,3.53E-05
2017/1/4,0.003989203,2270.64,1.33E-05
2017/1/5,0.000370272,2269.02,1.18E-05
2017/1/6,0.002655927,2277.18,1.50E-05
2017/1/9,-0.001919513,2269.23,8.06E-06
2017/1/10,-0.000330492,2268.97,1.26E-05
2017/1/11,0.002869897,2275.12,2.88E-05
2017/1/12,-0.000369927,2270.3,2.37E-05
2017/1/13,0.000800475,2274.56,8.46E-06
2017/1/17,-0.000586297,2267.81,9.54E-06
2017/1/18,0.001175966,2271.81,1.12E-05
2017/1/19,-0.003651184,2263.62,1.54E-05
2017/1/20,0.000510892,2271.12,2.06E-05
2017/1/23,-0.001041207,2265.42,1.83E-05
2017/1/24,0.005325583,2279.99,7.74E-06
2017/1/25,0.004168017,2298.44,8.64E-06
2017/1/26,-0.000848691,2296.68,8.72E-06
2017/1/27,-0.001981065,2294.47,6.60E-06
2017/1/30,-0.002417608,2280.49,2.01E-05
2017/1/31,0.00216562,2278.95,1.71E-05
2017/2/1,-0.002747044,2279.32,2.06E-05
2017/2/2,0.001812394,2280.82,1.62E-05
2017/2/3,0.003729045,2297.09,8.05E-06
2017/2/6,-0.000758696,2292.54,6.25E-06
2017/2/7,-0.001329356,2292.82,7.60E-06
2017/2/8,0.002198887,2294.59,1.22E-05
2017/2/9,0.004765047,2307.67,6.33E-06
2017/2/10,0.001719773,2316.25,4.69E-06
2017/2/13,0.002778556,2328.18,4.92E-06
2017/2/14,0.004833279,2337.39,1.08E-05
2017/2/15,0.005750737,2349.05,9.09E-06
2017/2/16,-0.00106882,2347.13,2.22E-05
2017/2/17,0.003344791,2350.86,8.15E-06
2017/2/21,0.004241685,2364.92,1.12E-05
2017/2/22,0.000596999,2362.52,6.91E-06
2017/2/23,-0.001602127,2363.71,1.07E-05
2017/2/24,0.004747323,2366.94,1.48E-05
2017/2/27,0.001892316,2369.71,8.36E-06
2017/2/28,-0.00091755,2363.91,8.16E-06
2017/3/1,0.006562096,2395.8,1.42E-05
2017/3/2,-0.005514708,2381.58,1.50E-05
2017/3/3,0.000717952,2382.63,9.85E-06
2017/3/6,9.68E-05,2375.46,9.35E-06
2017/3/7,-0.001084638,2368.17,9.59E-06
2017/3/8,-0.002831235,2363.11,1.13E-05
2017/3/9,0.00064291,2365.01,1.22E-05
2017/3/10,0.00018544,2372.96,1.39E-05
2017/3/13,0.000876675,2373.64,5.46E-06
2017/3/14,-0.001343496,2365.37,1.44E-05
2017/3/15,0.006010571,2384.63,1.85E-05
2017/3/16,-0.002734385,2381.19,1.04E-05
2017/3/17,-0.002423531,2377.94,6.39E-06
2017/3/20,-0.002011912,2373.46,1.20E-05
2017/3/21,-0.014985725,2343.93,4.20E-05
2017/3/22,0.002357441,2348.53,2.87E-05
2017/3/23,2.98E-05,2346.04,2.61E-05
2017/3/24,-0.002590123,2344.34,2.56E-05
2017/3/27,0.005352507,2341.61,2.29E-05
2017/3/28,0.007985842,2358.55,2.17E-05
2017/3/29,0.001983993,2361.22,1.04E-05
2017/3/30,0.002858728,2368.07,8.99E-06
2017/3/31,-0.000918039,2362.65,1.17E-05
2017/4/3,-0.001436048,2358.95,2.44E-05
2017/4/4,0.002222808,2360,1.31E-05
2017/4/5,-0.005843992,2352.8,3.86E-05
2017/4/6,0.001621599,2357.61,2.62E-05
2017/4/7,-0.000386226,2355.68,2.02E-05
2017/4/10,-1.70E-05,2357.12,2.33E-05
2017/4/11,1.70E-05,2353.96,3.17E-05
2017/4/12,-0.003155282,2344.74,2.28E-05
2017/4/13,-0.005501918,2329.13,2.39E-05
2017/4/17,0.007040177,2349.1,1.27E-05
2017/4/18,-0.000157961,2342.16,1.84E-05
2017/4/19,-0.003778237,2337.94,1.31E-05
2017/4/20,0.005678157,2356.03,1.26E-05
2017/4/21,-0.002470413,2348.93,1.45E-05
2017/4/24,0.001580808,2374.08,8.46E-06
2017/4/25,0.002968493,2388.59,7.23E-06
2017/4/26,-0.000598761,2387.55,2.22E-05
2017/4/27,-0.000339012,2388.89,1.08E-05
2017/4/28,-0.004031209,2384.05,8.86E-06
2017/5/1,0.000209314,2389,7.53E-06
2017/5/2,-8.78E-05,2390.84,5.84E-06
2017/5/3,0.000561334,2387.84,8.22E-06
2017/5/4,-0.000125542,2389.49,1.37E-05
2017/5/5,0.002859178,2399.22,5.58E-06
2017/5/8,-0.00042927,2398.91,6.95E-06
2017/5/9,-0.001979823,2396.83,6.50E-06
2017/5/10,0.001109202,2399.45,4.80E-06
2017/5/11,-0.000104397,2394.59,1.16E-05
2017/5/12,-0.000765202,2390.61,5.47E-06
2017/5/15,0.003477684,2402.32,5.49E-06
2017/5/16,-0.001656567,2400.57,7.59E-06
2017/5/17,-0.01075869,2357.45,3.25E-05
2017/5/18,0.004677558,2365.73,4.33E-05
2017/5/19,0.004292087,2381.57,1.34E-05
2017/5/22,0.002794338,2393.89,6.39E-06
2017/5/23,0.000650591,2398.6,5.32E-06
2017/5/24,0.001194418,2404.28,4.92E-06
2017/5/25,0.002259288,2414.99,8.54E-06
2017/5/26,0.000426498,2415.53,3.64E-06
2017/5/30,0.000493312,2412.86,4.36E-06
2017/5/31,-0.001624083,2411.71,1.44E-05
2017/6/1,0.005885818,2429.91,8.03E-06
2017/6/2,0.002825789,2438.16,7.17E-06
2017/6/5,-0.000640118,2436.27,4.83E-06
2017/6/6,-0.001020291,2429.44,8.53E-06
2017/6/7,0.000439865,2433.1,8.59E-06
2017/6/8,-0.000184877,2433.82,1.30E-05
2017/6/9,-0.002120133,2431.23,3.60E-05
2017/6/12,0.00149113,2429.5,1.99E-05
2017/6/13,0.002539754,2440.34,8.02E-06
2017/6/14,-0.002413139,2437.86,2.04E-05
2017/6/15,0.003455046,2432.53,1.66E-05
2017/6/16,0.000744199,2433.05,1.12E-05
2017/6/19,0.004293649,2453.06,5.88E-06
2017/6/20,-0.005515743,2437.18,1.02E-05
2017/6/21,-0.001386599,2435.93,1.29E-05
2017/6/22,-0.001124781,2434.66,7.23E-06
2017/6/23,0.001428343,2438.13,8.26E-06
2017/6/26,-0.001761451,2439.02,1.42E-05
2017/6/27,-0.006840949,2419.73,1.95E-05
2017/6/28,0.004830411,2440.46,1.63E-05
2017/6/29,-0.009296347,2419.78,4.78E-05
2017/6/30,-0.002345082,2423.51,1.92E-05
2017/7/3,-0.000979343,2429.01,1.16E-05
2017/7/5,0.000736118,2432.57,1.21E-05
2017/7/6,-0.005523927,2410.09,2.00E-05
2017/7/7,0.004761756,2425.04,9.22E-06
2017/7/10,0.001286031,2427.63,6.29E-06
2017/7/11,-0.00067174,2425.72,2.04E-05
2017/7/12,0.003168535,2443.48,9.84E-06
2017/7/13,0.001246671,2448.04,4.75E-06
2017/7/14,0.004099118,2459.22,4.74E-06
2017/7/17,-0.000195181,2459.02,3.13E-06
2017/7/18,0.001952585,2460.68,8.87E-06
2017/7/19,0.003908984,2473.5,3.93E-06
2017/7/20,-0.000618233,2474.03,8.16E-06
2017/7/21,0.001992016,2472.32,4.65E-06
2017/7/24,-0.000449123,2470.93,3.53E-06
2017/7/25,-0.000262355,2477.23,3.94E-06
2017/7/26,-0.00085925,2477.84,5.84E-06
2017/7/27,-0.002948647,2475.45,2.63E-05
2017/7/28,0.00120618,2472.1,7.68E-06
2017/7/31,-0.002049807,2470.87,7.64E-06
2017/8/1,-0.000371471,2476.18,6.85E-06
2017/8/2,-0.001299032,2477.16,1.32E-05
2017/8/3,-0.001608705,2472.05,7.12E-06
2017/8/4,-0.000209964,2476.36,7.72E-06
2017/8/7,0.001456265,2480.75,1.95E-06
2017/8/8,-0.001384944,2474.92,1.07E-05
2017/8/9,0.003470152,2473.92,1.83E-05
2017/8/10,-0.01104898,2438.29,3.07E-05
2017/8/11,0.000155659,2441.42,1.62E-05
2017/8/14,0.004194923,2465.28,1.02E-05
2017/8/15,-0.001581054,2464.76,7.60E-06
2017/8/16,-0.000182304,2468.18,9.60E-06
2017/8/17,-0.013361571,2430.26,3.21E-05
2017/8/18,-0.000873658,2425.52,2.91E-05
2017/8/21,0.00112079,2428.22,1.45E-05
2017/8/22,0.007670557,2452.49,1.11E-05
2017/8/23,-0.000343634,2444.04,1.12E-05
2017/8/24,-0.003671081,2438.94,1.67E-05
2017/8/25,-0.000503252,2443.49,1.24E-05
2017/8/28,-0.001349307,2444.05,7.44E-06
2017/8/29,0.005936439,2446.42,9.14E-06
2017/8/30,0.004633452,2457.42,7.95E-06
2017/8/31,0.003627708,2471.6,8.28E-06
2017/9/1,0.000775639,2476.34,6.81E-06
2017/9/5,-0.005044377,2457.92,3.45E-05
2017/9/6,0.000799249,2465.8,7.19E-06
2017/9/7,-0.001175703,2465.16,1.22E-05
2017/9/8,-0.000231522,2461.68,6.87E-06
2017/9/11,0.005424698,2487.98,7.79E-06
2017/9/12,0.001936373,2496.77,4.60E-06
2017/9/13,0.001702715,2498.14,3.46E-06
2017/9/14,0.000661221,2496.21,4.20E-06
2017/9/15,0.001657499,2499.81,3.56E-06
2017/9/18,0.000643147,2504.12,5.15E-06
2017/9/19,0.000175543,2506.73,4.39E-06
2017/9/20,0.000494524,2508.08,1.02E-05
2017/9/21,-0.002507969,2500.88,7.74E-06
2017/9/22,0.001788362,2501.73,3.48E-06
2017/9/25,-0.001096869,2496.65,1.35E-05
2017/9/26,-0.001536541,2497.2,6.56E-06
2017/9/27,0.001544766,2507.17,1.10E-05
2017/9/28,0.002573172,2509.86,5.15E-06
2017/9/29,0.003575331,2518.95,4.90E-06
2017/10/2,0.003152253,2529.16,5.47E-06
2017/10/3,0.001713715,2534.68,4.27E-06
2017/10/4,0.001676129,2537.73,5.12E-06
2017/10/5,0.00444529,2552.18,4.01E-06
2017/10/6,0.00058473,2548.93,4.67E-06
2017/10/9,-0.002660912,2544.61,3.78E-06
2017/10/10,0.000317598,2550.8,7.18E-06
2017/10/11,0.001731412,2555.04,3.46E-06
2017/10/12,-0.000924874,2550.52,3.95E-06
2017/10/13,-0.000802463,2553.61,3.57E-06
2017/10/16,0.000754928,2557.5,3.88E-06
2017/10/17,0.000871678,2559.4,2.34E-06
2017/10/18,-0.000647921,2561.21,3.09E-06
2017/10/19,0.003502918,2562.35,5.47E-06
2017/10/20,0.002862434,2574.92,4.28E-06
2017/10/23,-0.00493832,2565.38,4.96E-06
2017/10/24,0.00025691,2569.32,6.35E-06
2017/10/25,-0.003637986,2557.2,2.21E-05
2017/10/26,0.000124988,2560.4,1.24E-05
2017/10/27,0.004204729,2581.09,1.29E-05
2017/10/30,-0.00195322,2572.72,1.02E-05
2017/10/31,-0.000326141,2575.15,3.84E-06
2017/11/1,-0.001495382,2579.35,9.89E-06
2017/11/2,0.000139554,2579.82,1.61E-05
2017/11/3,0.00228637,2587.84,4.47E-06
2017/11/6,0.001436665,2591.19,3.09E-06
2017/11/7,-0.000957207,2589.63,8.33E-06
2017/11/8,0.002180176,2594.36,5.65E-06
2017/11/9,0.000278599,2584.72,2.77E-05
2017/11/10,0.00086778,2582.42,6.88E-06
2017/11/13,0.003251027,2584.92,4.79E-06
2017/11/14,0.00042276,2578.84,1.93E-05
2017/11/15,-0.001791871,2564.85,2.23E-05
2017/11/16,0.004931561,2585.67,8.05E-06
2017/11/17,-0.001615744,2578.77,5.45E-06
2017/11/20,0.00107328,2582.26,4.60E-06
2017/11/21,0.003881734,2599.24,4.81E-06
2017/11/22,-0.001239081,2597.09,2.82E-06
2017/11/24,0.000768811,2602.42,1.22E-06
2017/11/27,-0.000445797,2601.5,4.66E-06
2017/11/28,0.00815183,2627.27,1.10E-05
2017/11/29,-0.000692829,2626,1.61E-05
2017/11/30,0.00502545,2647.2,2.73E-05
2017/12/1,-0.001255939,2641.78,8.88E-05
2017/12/4,-0.006853959,2639.04,2.27E-05
2017/12/5,-0.003920882,2629.45,1.64E-05
2017/12/6,0.001198715,2629.39,1.30E-05
2017/12/7,0.003315934,2637.11,8.91E-06
2017/12/8,0.002004633,2651.52,7.16E-06
2017/12/11,0.002929131,2659.97,6.29E-06
2017/12/12,0.000998851,2664.39,6.54E-06
2017/12/13,-0.001560677,2663.43,1.21E-05
2017/12/14,-0.005031637,2652.49,1.17E-05
2017/12/15,0.005498587,2675.3,1.25E-05
2017/12/18,0.001752053,2690.63,8.45E-06
2017/12/19,-0.004160594,2681.53,8.50E-06
2017/12/20,-0.003282692,2679.37,1.35E-05
2017/12/21,0.000696733,2684.89,8.03E-06
2017/12/22,-0.000212375,2683.65,4.40E-06
2017/12/26,0.000496314,2680.42,3.03E-06
2017/12/27,0.000115574,2682.41,2.71E-06
2017/12/28,0.000454087,2687.32,1.60E-06
2017/12/29,-0.004931912,2675.92,6.70E-06
2018/1/2,0.004491098,2695.81,6.61E-06
2018/1/3,0.005492976,2712.71,5.72E-06
2018/1/4,0.001690176,2723.91,7.31E-06
2018/1/5,0.004055719,2742.43,7.89E-06
2018/1/8,0.001737671,2747.44,6.10E-06
2018/1/9,0.000196262,2751.69,1.06E-05
2018/1/10,0.000957455,2748.18,1.17E-05
2018/1/11,0.00526767,2767.51,6.98E-06
2018/1/12,0.005712522,2786.05,1.03E-05
2018/1/16,-0.008049575,2776.52,3.17E-05
2018/1/17,0.006338956,2802.7,1.75E-05
2018/1/18,-0.001460529,2798.31,2.14E-05
2018/1/19,0.002743681,2810.3,1.29E-05
2018/1/22,0.008461304,2833.03,1.24E-05
2018/1/23,0.001505013,2839.32,1.05E-05
2018/1/24,-0.002607582,2838.01,3.76E-05
2018/1/25,-0.002406063,2839.4,3.04E-05
2018/1/26,0.008734413,2872.46,9.10E-06
2018/1/29,-0.004870188,2853.3,2.23E-05
2018/1/30,-0.003600167,2822.56,3.49E-05
2018/1/31,-0.00278242,2824.54,3.27E-05
2018/2/1,0.001911928,2821.84,3.34E-05
2018/2/2,-0.017174539,2761.09,7.02E-05
2018/2/5,-0.034355041,2648.49,0.00045518
2018/2/6,0.030362942,2695.39,0.000665212
2018/2/7,-0.003551516,2681.41,0.000197216
2018/2/8,-0.039461039,2581.12,0.000364028
2018/2/9,0.00687925,2619.74,0.000639321
2018/2/12,0.007176237,2655.74,0.000165883
2018/2/13,0.006343511,2663.11,7.11E-05
2018/2/14,0.017850374,2698.96,9.90E-05
2018/2/15,0.006582403,2731.38,7.36E-05
2018/2/16,0.001912264,2732.36,7.21E-05
2018/2/20,-0.002585059,2715.96,5.79E-05
2018/2/21,-0.007015838,2701.51,7.74E-05
2018/2/22,-0.00236405,2704.02,9.65E-05
2018/2/23,0.011648513,2747.62,4.31E-05
2018/2/26,0.008040498,2779.63,3.12E-05
2018/2/27,-0.013104972,2744.25,8.02E-05
2018/2/28,-0.014720458,2713.54,7.68E-05
2018/3/1,-0.014366747,2676.49,0.000235584
2018/3/2,0.012011561,2691.02,0.000119028
2018/3/5,0.014794571,2721.02,5.88E-05
2018/3/6,-0.000718159,2728.22,4.60E-05
2018/3/7,0.006198052,2727.03,4.70E-05
2018/3/8,0.002262556,2738.94,4.34E-05
2018/3/9,0.012066784,2786.33,1.43E-05
2018/3/12,-0.002619409,2783.24,2.84E-05
2018/3/13,-0.009770711,2765.16,4.91E-05
2018/3/14,-0.008791043,2749.78,6.60E-05
2018/3/15,-0.002515624,2747.35,2.95E-05
2018/3/16,0.000105427,2750.86,1.87E-05
2018/3/19,-0.010421154,2712.96,6.33E-05
2018/3/20,0.000751085,2717.09,3.36E-05
2018/3/21,-0.001076089,2712.07,6.20E-05
2018/3/22,-0.017859626,2643.72,0.000114731
2018/3/23,-0.022370161,2588.16,0.000154417
2018/3/26,0.014926131,2658.74,0.000130044
2018/3/27,-0.020837362,2612.56,0.000176556
2018/3/28,-0.002419345,2604.99,0.000268869
2018/3/29,0.010346344,2641.6,9.62E-05
2018/4/2,-0.019928022,2581.49,0.000174863
2018/4/3,0.008543088,2614.41,0.000178846
2018/4/4,0.023226258,2644.76,0.000130839
2018/4/5,0.002018764,2662.73,8.62E-05
2018/4/6,-0.01588623,2604.12,0.000134196
2018/4/9,-0.001433867,2613.43,7.60E-05
2018/4/10,0.006934636,2656.77,0.00011068
2018/4/11,-0.000601567,2642.3,7.54E-05
2018/4/12,0.003847395,2664.06,5.00E-05
2018/4/13,-0.007668764,2656.45,6.23E-05
2018/4/16,0.00294312,2677.97,3.18E-05
2018/4/17,0.00501204,2706.27,1.65E-05
2018/4/18,-0.000546252,2708.63,2.26E-05
2018/4/19,-0.002954946,2693.19,3.61E-05
2018/4/20,-0.008305333,2670.29,5.22E-05
2018/4/23,-0.001953016,2670.18,3.65E-05
2018/4/24,-0.017433234,2634.47,0.000140753
2018/4/25,0.00162302,2639.2,0.000100563
2018/4/26,0.005895884,2667.33,3.78E-05
2018/4/27,-0.002061575,2669.96,3.35E-05
2018/4/30,-0.010084132,2648.21,4.65E-05
2018/5/1,0.004084489,2654.46,4.75E-05
2018/5/2,-0.007039913,2635.62,4.79E-05
2018/5/3,0.000612427,2629.69,0.000101003
2018/5/4,0.015905939,2663.48,4.46E-05
2018/5/7,0.001343988,2672.95,2.75E-05
2018/5/8,0.000662637,2672.03,4.52E-05
2018/5/9,0.00731045,2697.77,2.97E-05
2018/5/10,0.006573493,2722.86,2.01E-05
2018/5/11,0.00184206,2727.72,2.06E-05
2018/5/14,-0.001035888,2730.54,1.92E-05
2018/5/15,-0.002633504,2711.44,3.94E-05
2018/5/16,0.00366133,2722.57,1.62E-05
2018/5/17,0.000125006,2720.05,1.98E-05
2018/5/18,-0.001598421,2713.01,2.13E-05
2018/5/21,0.002575598,2732.98,2.66E-05
2018/5/22,-0.004971547,2724.76,1.42E-05
2018/5/23,0.007027622,2733.12,2.85E-05
2018/5/24,-0.001198107,2727.67,3.28E-05
2018/5/25,-0.000896275,2721.16,1.62E-05
2018/5/29,-0.005645994,2689.88,5.77E-05
2018/5/30,0.007979388,2724.08,2.12E-05
2018/5/31,-0.005782994,2705.29,4.00E-05
2018/6/1,0.005732608,2734.33,2.01E-05
2018/6/4,0.001880296,2746.83,9.66E-06
2018/6/5,0.000214643,2749.05,1.61E-05
2018/6/6,0.006855589,2772.19,1.51E-05
2018/6/7,-0.001727717,2770.05,2.95E-05
2018/6/8,0.0046568,2778.75,1.31E-05
2018/6/11,0.000747873,2782.26,7.52E-06
2018/6/12,0.000427106,2786.79,8.47E-06
2018/6/13,-0.004371183,2775.78,1.69E-05
2018/6/14,-0.000150916,2782.79,1.12E-05
2018/6/15,0.000586627,2779.41,2.55E-05
2018/6/18,0.002917149,2773.87,2.08E-05
2018/6/19,0.003851571,2762.63,2.16E-05
2018/6/20,-0.000801844,2767.51,8.01E-06
2018/6/21,-0.007091907,2749.71,3.04E-05
2018/6/22,-0.002211957,2754.69,1.53E-05
2018/6/25,-0.009479924,2717.06,8.24E-05
2018/6/26,0.000312208,2722.97,2.90E-05
2018/6/27,-0.010548578,2699.82,7.42E-05
2018/6/28,0.006559411,2716.45,5.79E-05
2018/6/29,-0.003088593,2718.72,2.48E-05
2018/7/2,0.007843611,2726.25,3.87E-05
2018/7/3,-0.007362573,2713.22,1.42E-05
2018/7/5,0.004625526,2736.82,2.84E-05
2018/7/6,0.008003885,2759.68,2.28E-05
2018/7/9,0.005694409,2784.32,1.10E-05
2018/7/10,0.001873763,2793.79,1.14E-05
2018/7/11,-0.002070622,2774.07,1.94E-05
2018/7/12,0.005425156,2798.28,1.65E-05
2018/7/13,0.0015148,2801.17,9.41E-06
2018/7/16,-0.001078602,2798.41,9.43E-06
2018/7/17,0.007290503,2809.75,1.23E-05
2018/7/18,0.001535449,2815.67,5.99E-06
2018/7/19,-0.001717161,2804.55,1.54E-05
2018/7/20,-0.000927495,2801.95,9.52E-06
2018/7/24,-0.000173732,2820.19,2.11E-05
2018/7/25,0.010000472,2846.05,2.18E-05
2018/7/26,0.000701573,2837.48,1.19E-05
2018/7/27,-0.008263152,2818.96,3.07E-05
2018/7/30,-0.005781134,2802.75,2.60E-05
2018/7/31,0.002300065,2816.2,1.92E-05
2018/8/1,-0.002672674,2813.64,1.19E-05
2018/8/2,0.009545509,2827.34,1.42E-05
2018/8/3,0.003742608,2840.23,9.04E-06
2018/8/6,0.003539142,2850.36,6.91E-06
2018/8/7,0.000930965,2858.58,8.98E-06
2018/8/8,0.000342984,2857.77,7.63E-06
2018/8/9,-0.001264278,2853.58,7.53E-06
2018/8/10,-0.002277528,2833.18,2.29E-05
2018/8/13,-0.004776046,2821.95,2.57E-05
2018/8/14,0.004290822,2840.04,1.78E-05
2018/8/15,-0.003350787,2818.49,4.49E-05
2018/8/16,0.003289726,2840.77,1.64E-05
2018/8/17,0.004148771,2850.12,1.75E-05
2018/8/20,0.001085632,2857.03,8.40E-06
2018/8/21,0.000443723,2862.78,8.96E-06
2018/8/22,0.000311033,2861.88,9.85E-06
2018/8/23,-0.001087894,2857.18,1.28E-05
2018/8/24,0.004350576,2874.83,8.78E-06
2018/8/27,0.004140907,2896.66,8.59E-06
2018/8/28,-0.001289842,2897.71,9.34E-06
2018/8/29,0.004639949,2914.11,6.73E-06
2018/8/30,-0.002688437,2901.13,2.01E-05
2018/8/31,0.000910442,2901.01,1.49E-05
2018/9/4,-7.59E-05,2896.74,2.31E-05
2018/9/5,-0.000996488,2888.71,3.51E-05
2018/9/6,-0.003631128,2878.17,3.49E-05
2018/9/7,0.001268258,2871.9,3.81E-05
2018/9/10,-0.00140656,2877.34,1.03E-05
2018/9/11,0.005694915,2887.97,1.47E-05
2018/9/12,0.000190406,2888.84,2.49E-05
2018/9/13,0.002551242,2904.25,1.27E-05
2018/9/14,-0.000457719,2905.05,1.28E-05
2018/9/17,-0.005137441,2888.95,8.42E-06
2018/9/18,0.004745291,2904.49,1.42E-05
2018/9/19,0.000481546,2908,1.06E-05
2018/9/20,0.00384228,2930.97,8.31E-06
2018/9/21,-0.002601482,2929.13,6.78E-06
2018/9/24,-0.000835442,2919.39,1.12E-05
2018/9/25,-0.002083113,2915.67,8.02E-06
2018/9/26,-0.003606107,2906.48,2.37E-05
2018/9/27,0.00087884,2914.21,9.74E-06
2018/9/28,0.001366749,2914.01,1.17E-05
2018/10/1,-0.000475117,2924.9,1.24E-05
2018/10/2,-9.58E-05,2923.52,1.58E-05
2018/10/3,-0.002069206,2925.63,1.61E-05
2018/10/4,-0.006081448,2901.65,4.41E-05
2018/10/5,-0.00581178,2885.72,4.24E-05
2018/10/8,0.002530219,2884.82,4.39E-05
2018/10/9,-0.000707967,2880.47,4.21E-05
2018/10/10,-0.030898019,2786.46,0.000148302
2018/10/11,-0.017627363,2728.35,0.000381938
2018/10/12,-0.00144119,2766.55,0.00019814
2018/10/15,-0.004769245,2750.68,7.85E-05
2018/10/16,0.015324418,2809.78,4.62E-05
2018/10/17,-0.000864629,2809.24,0.000105974
2018/10/18,-0.011724423,2769.34,0.000125682
2018/10/19,-0.002933331,2767.53,8.81E-05
2018/10/22,-0.006564539,2755.79,8.86E-05
2018/10/23,0.007166389,2740.6,0.000128648
2018/10/24,-0.030249833,2656.29,0.000177646
2018/10/25,0.011467227,2705.73,0.000101052
2018/10/26,-0.003616165,2658.23,0.000322144
2018/10/29,-0.015579325,2641.18,0.000302076
2018/10/30,0.015768652,2682.65,0.000236929
2018/10/31,0.00221148,2711.59,8.27E-05
2018/11/1,0.008292781,2740.21,6.93E-05
2018/11/2,-0.008361363,2722.59,0.00016258
2018/11/5,0.00433702,2738.22,3.53E-05
2018/11/6,0.006177927,2755.37,3.70E-05
2018/11/7,0.014131172,2813.61,4.08E-05
2018/11/8,0.000171024,2806.86,4.46E-05
2018/11/9,-0.004767799,2780.81,5.52E-05
2018/11/12,-0.01725002,2726.49,9.26E-05
2018/11/13,-0.002908936,2722.12,0.000167863
2018/11/14,-0.013235974,2701.9,0.000127931
2018/11/15,0.01361388,2730.44,0.000186412
2018/11/16,0.006599377,2736.54,8.18E-05
2018/11/19,-0.014726655,2690.82,0.000115017
2018/11/20,-0.00487512,2641.69,0.000185588
2018/11/21,-0.002942913,2649.93,3.72E-05
2018/11/23,-0.000303841,2632.56,2.59E-05
2018/11/26,0.00887756,2673.6,5.44E-05
2018/11/27,0.00692109,2682.25,6.37E-05
2018/11/28,0.019300184,2743.9,8.90E-05
2018/11/29,0.000347039,2737.92,4.56E-05
2018/11/30,0.007684732,2758.88,2.77E-05
2018/12/3,-6.09E-05,2790.33,6.64E-05
2018/12/4,-0.029769216,2700.82,0.000139238
2018/12/6,0.012098426,2695.93,0.000240385
2018/12/7,-0.021904595,2632.95,0.000252778
2018/12/10,0.002501752,2637.45,0.000301843
2018/12/11,-0.01037475,2636.94,0.000164387
2018/12/12,-0.002565142,2651.42,9.28E-05
2018/12/13,-0.003217266,2650.16,0.000109153
2018/12/14,-0.011269955,2600.21,0.00010968
2018/12/17,-0.017396415,2546.07,0.000151217
2018/12/18,-0.005428984,2546.04,0.00016864
2018/12/19,-0.015900864,2506.87,0.000653902
2018/12/20,-0.012068025,2466.82,0.000401881
2018/12/21,-0.020120925,2416.27,0.00035248
2018/12/24,-0.02081874,2351.1,0.00022605
2018/12/26,0.043295658,2467.68,0.000417814
2018/12/27,0.0185053,2488.12,0.000464396
2018/12/28,-0.005288555,2485.59,0.000210568
2018/12/31,0.003299951,2507.2,0.000125826
2019/1/2,0.013214894,2509.91,0.000166825
2019/1/3,-0.017802558,2447.95,0.000258711
2019/1/4,0.022933211,2531.73,0.000164529
2019/1/7,0.00563559,2549.94,8.03E-05
2019/1/8,0.002477352,2574.48,0.000105264
2019/1/9,0.001909029,2584.93,7.80E-05
2019/1/10,0.008832035,2596.34,6.49E-05
2019/1/11,0.003051623,2596.02,3.47E-05
2019/1/14,0.00070122,2582.12,4.10E-05
2019/1/15,0.009670317,2610.22,5.34E-05
2019/1/16,0.000363257,2615.7,2.77E-05
2019/1/17,0.010169327,2635.95,5.89E-05
2019/1/18,0.007253162,2670.57,4.01E-05
2019/1/22,-0.009309988,2633.25,8.78E-05
2019/1/23,-0.001745436,2638.87,6.59E-05
2019/1/24,0.001333031,2642.36,3.27E-05
2019/1/25,0.002724475,2664.69,2.25E-05
2019/1/28,-0.000450012,2643.78,6.21E-05
2019/1/29,-0.001842984,2640.02,3.66E-05
2019/1/30,0.010406842,2681.38,7.51E-05
2019/1/31,0.006998381,2704.35,4.15E-05
2019/2/1,0.001397821,2706.1,4.20E-05
2019/2/4,0.006753448,2724.83,2.51E-05
2019/2/5,0.003326158,2737.43,1.77E-05
2019/2/6,-0.001196306,2731.78,2.10E-05
2019/2/7,-0.004222286,2706.08,6.60E-05
2019/2/8,0.005718365,2707.8,3.29E-05
2019/2/11,-0.001032829,2709.6,2.55E-05
2019/2/12,0.007982424,2744.43,2.06E-05
2019/2/13,0.00051254,2751.71,1.98E-05
2019/2/14,0.000750584,2745.56,4.43E-05
2019/2/15,0.005560116,2775.63,2.07E-05
2019/2/19,0.003838389,2779.93,1.20E-05
2019/2/20,0.002206951,2785.19,2.51E-05
2019/2/21,-0.001854076,2775.09,2.27E-05
2019/2/22,0.004288317,2792.62,1.45E-05
2019/2/25,-0.002899702,2796.23,1.52E-05
2019/2/26,0.000501242,2793.76,2.64E-05
2019/2/27,0.001731236,2792.33,2.30E-05
2019/2/28,-0.001187889,2784.8,1.55E-05
2019/3/1,0.002013539,2803.86,2.41E-05
2019/3/4,-0.007597086,2793.07,5.94E-05
2019/3/5,-0.001694099,2789.68,2.42E-05
2019/3/6,-0.006728027,2771.56,2.62E-05
2019/3/7,-0.006403909,2748.87,4.80E-05
2019/3/8,0.00445033,2742.97,5.23E-05
2019/3/11,0.012877088,2783.22,1.90E-05
2019/3/12,0.00169552,2792.07,2.13E-05
2019/3/13,0.004027908,2811.08,1.76E-05
2019/3/14,-0.000626446,2808.62,1.33E-05
2019/3/15,0.004146805,2822.47,1.78E-05
2019/3/18,0.003698941,2833.07,1.79E-05
2019/3/19,-0.002671866,2833.18,4.91E-05
2019/3/20,-0.002553286,2824.12,6.30E-05
2019/3/21,0.012451767,2855.05,2.69E-05
2019/3/22,-0.015471394,2800.85,8.70E-05
2019/3/25,0.000868718,2798.44,7.52E-05
2019/3/26,0.002049338,2818.43,4.54E-05
2019/3/27,-0.00511641,2805.33,5.56E-05
2019/3/28,0.00213341,2815.4,2.74E-05
2019/3/29,0.002133304,2834.31,2.36E-05
2019/4/1,0.00644545,2867.05,2.00E-05
2019/4/2,-0.000348707,2867.24,1.31E-05
2019/4/3,-0.000984459,2873.26,1.69E-05
2019/4/4,0.00189105,2879.43,1.98E-05
2019/4/5,0.002932427,2892.63,9.36E-06
2019/4/8,0.00249303,2895.67,9.99E-06
2019/4/9,-0.002747502,2878.66,2.25E-05
2019/4/10,0.002481847,2888.53,1.00E-05
2019/4/11,-0.001221388,2888.39,1.25E-05
2019/4/12,0.002293239,2907.52,1.18E-05
2019/4/15,-0.000956335,2905.54,7.02E-06
2019/4/16,-0.001756192,2907.15,1.05E-05
2019/4/17,-0.005377873,2900.4,1.73E-05
2019/4/18,0.000106714,2905.12,1.31E-05
2019/4/22,0.003165284,2907.97,6.71E-06
2019/4/23,0.008094328,2933.64,1.36E-05
2019/4/24,-0.002279351,2927.32,1.08E-05
2019/4/25,-0.000905158,2926.34,2.90E-05
2019/4/26,0.004742973,2939.72,1.55E-05
2019/4/29,0.000819231,2942.99,5.49E-06
2019/4/30,0.002750594,2945.23,1.76E-05
2019/5/1,-0.009792637,2923.56,3.40E-05
2019/5/2,-0.001575418,2917.56,4.40E-05
2019/5/3,0.005477917,2945.3,1.26E-05
2019/5/6,0.008131476,2932.64,2.70E-05
2019/5/7,-0.00996008,2884.16,0.00010322
2019/5/8,3.47E-05,2879.71,4.72E-05
2019/5/9,0.003748421,2870.58,0.000100489
2019/5/10,0.006506675,2881.79,0.000106455
2019/5/13,-0.010046104,2811.8,9.94E-05
2019/5/14,0.005139036,2834.65,5.26E-05
2019/5/15,0.010875345,2851.22,5.08E-05
2019/5/16,0.007197928,2876.43,2.95E-05
2019/5/17,0.00023785,2859.28,5.31E-05
2019/5/20,-0.00072512,2839.88,4.60E-05
2019/5/21,0.003675761,2864.53,1.73E-05
2019/5/22,6.65E-05,2856.25,1.95E-05
2019/5/23,-0.005085706,2822.31,6.04E-05
2019/5/24,-0.002028599,2826.67,2.79E-05
2019/5/28,-0.009996692,2801.88,2.90E-05
2019/5/29,-0.002727486,2782.65,7.09E-05
2019/5/30,0.00071379,2788.93,3.57E-05
2019/5/31,-0.005128542,2752,4.61E-05
2019/6/3,-0.002733122,2744.02,9.33E-05
2019/6/4,0.01457131,2803.19,4.28E-05
2019/6/5,0.002902009,2826.28,4.04E-05
2019/6/6,0.00540518,2843.84,3.63E-05
2019/6/7,0.00705912,2873.08,3.42E-05
2019/6/10,0.000190568,2886.38,2.95E-05
2019/6/11,-0.006066718,2885.71,3.49E-05
2019/6/12,-0.00091969,2880.08,1.81E-05
2019/6/13,0.001934903,2891.83,2.68E-05
2019/6/14,9.01E-05,2887.08,1.91E-05
2019/6/17,-7.27E-05,2889.54,7.40E-06
2019/6/18,0.003852603,2917.93,3.68E-05
2019/6/19,0.001997627,2926.39,3.21E-05
2019/6/20,0.001541393,2954.15,2.71E-05
2019/6/21,-0.000697908,2950.65,1.72E-05
2019/6/25,-0.009660263,2917.46,2.87E-05
2019/6/26,-0.004171267,2913.89,2.10E-05
2019/6/27,0.00172474,2924.7,1.31E-05
2019/6/28,0.0025675,2940.48,9.94E-06
2019/7/1,-0.00234507,2964.45,2.43E-05
2019/7/2,0.002846188,2973.11,2.35E-05
2019/7/3,0.005939186,2995.82,4.70E-06
2019/7/5,0.002125577,2990.6,2.18E-05
2019/7/8,-0.001242478,2976.07,1.42E-05
2019/7/9,0.004773584,2979.71,7.45E-06
2019/7/10,0.001226959,2992.97,2.08E-05
2019/7/11,8.00E-05,2999.86,1.00E-05
2019/7/12,0.003397079,3013.58,5.16E-06
2019/7/15,-0.001180364,3014.24,7.80E-06
2019/7/16,-0.00275267,3003.85,1.12E-05
2019/7/17,-0.006881967,2984.49,1.48E-05
2019/7/18,0.005410214,2995.03,1.56E-05
2019/7/19,-0.009162228,2976.86,2.51E-05
2019/7/22,0.001059155,2985.09,1.62E-05
2019/7/23,0.00360649,3005.56,1.43E-05
2019/7/24,0.006892362,3019.51,8.75E-06
2019/7/25,-0.004049617,3004.07,2.32E-05
2019/7/26,0.004162899,3025.82,6.09E-06
2019/7/29,-0.001220793,3020.78,7.79E-06
2019/7/30,0.001860181,3013.26,1.69E-05
2019/7/31,-0.01207438,2980.02,7.35E-05
2019/8/1,-0.009022841,2953.55,0.000199662
2019/8/2,-0.003985649,2932.19,7.50E-05
2019/8/5,-0.0185909,2844.69,0.000147944
2019/8/6,0.007208732,2881.88,0.000101919
2019/8/7,0.008849538,2884.06,0.00017969
2019/8/8,0.014506471,2938.53,3.61E-05
2019/8/9,-0.003990192,2918.84,7.88E-05
2019/8/12,-0.008557115,2882.3,5.23E-05
2019/8/13,0.012522284,2917.02,0.000209594
2019/8/14,-0.018725447,2840.46,0.000129844
2019/8/15,0.000512833,2847.66,9.47E-05
2019/8/16,0.008387827,2888.87,4.70E-05
2019/8/19,0.003416183,2923.45,2.23E-05
2019/8/20,-0.006226931,2900.89,3.39E-05
2019/8/21,0.000827846,2924.46,1.33E-05
2019/8/22,-0.002640863,2923.21,5.17E-05
2019/8/23,-0.022019595,2847.67,0.000232006
2019/8/26,0.004236314,2878.87,5.66E-05
2019/8/27,-0.008483452,2868.7,5.55E-05
2019/8/28,0.009284756,2887.97,3.90E-05
2019/8/29,0.004874079,2924.59,4.28E-05
2019/8/30,-0.004059859,2925.19,3.16E-05
2019/9/3,-0.000901056,2906.39,6.18E-05
2019/9/4,0.004492964,2937.84,1.27E-05
2019/9/5,0.005171365,2975.95,2.15E-05
2019/9/6,-0.000536997,2978.73,1.53E-05
2019/9/9,-0.003301489,2978.58,1.34E-05
2019/9/10,0.002689068,2979.01,3.93E-05
2019/9/11,0.006399262,3000.55,1.51E-05
2019/9/12,0.000232602,3009.78,3.30E-05
2019/9/13,-0.001707846,3007.07,1.49E-05
2019/9/16,0.000467117,2997.81,1.44E-05
2019/9/17,0.003232776,3005.37,9.76E-06
2019/9/18,0.001744272,3006.74,3.54E-05
2019/9/19,-0.001312997,3006.41,1.82E-05
2019/9/20,-0.005630062,2991.53,5.87E-05
2019/9/23,0.002788132,2991.83,1.41E-05
2019/9/24,-0.011833546,2967.11,9.25E-05
2019/9/25,0.005566703,2984.92,2.48E-05
2019/9/26,-0.002565475,2978.08,3.92E-05
2019/9/27,-0.007895849,2961.99,7.11E-05
2019/9/30,0.00324373,2976.71,1.54E-05
2019/10/1,-0.014713794,2940.11,6.85E-05
2019/10/2,-0.012655043,2888,7.32E-05
2019/10/3,0.008816011,2910.93,0.000138033
2019/10/4,0.011287544,2951.69,2.45E-05
2019/10/7,-0.001924254,2938.57,3.88E-05
2019/10/8,-0.009457677,2892.91,7.10E-05
2019/10/9,0.002888203,2919.52,3.79E-05
2019/10/10,0.006781701,2938.41,5.04E-05
2019/10/11,0.002295655,2969.88,4.91E-05
2019/10/14,0.000118005,2966.16,1.57E-05
2019/10/15,0.007354489,2995.56,1.66E-05
2019/10/16,0.000137129,2990.09,1.12E-05
2019/10/17,-0.000876826,2998.14,1.77E-05
2019/10/18,-0.00356677,2986.17,2.42E-05
2019/10/21,0.003408191,3006.71,7.96E-06
2019/10/22,-0.004834418,2996.21,1.50E-05
2019/10/23,0.003500867,3004.51,1.05E-05
2019/10/24,-0.001526981,3010.18,1.56E-05
2019/10/25,0.006253464,3022.16,1.35E-05
2019/10/28,0.00235531,3039.27,1.17E-05
2019/10/29,0.000434775,3036.71,1.25E-05
2019/10/30,0.002378951,3046.98,1.77E-05
2019/10/31,-0.003037198,3037.66,3.37E-05
2019/11/1,0.005279869,3066.87,1.12E-05
2019/11/4,-0.000175399,3078.42,9.07E-06
2019/11/5,-0.00195595,3074.78,9.43E-06
2019/11/6,0.000533174,3076.74,1.37E-05
2019/11/7,-0.000521675,3085.41,2.08E-05
2019/11/8,0.003786736,3092.94,1.11E-05
2019/11/11,0.002163011,3087,4.37E-06
2019/11/12,0.000857437,3091.93,1.11E-05
2019/11/13,0.003133683,3093.86,1.55E-05
2019/11/14,0.001994289,3096.92,1.02E-05
2019/11/15,0.003975459,3120.3,6.26E-06
2019/11/19,-0.002340103,3120.14,1.16E-05
2019/11/20,-0.00201509,3108.39,2.81E-05
2019/11/21,-0.001625904,3103.44,1.88E-05
2019/11/22,-0.000424335,3110.09,9.50E-06
2019/11/25,0.005148012,3133.53,8.40E-06
2019/11/26,0.001711535,3140.22,5.84E-06
2019/11/27,0.00262254,3153.75,3.02E-06
2019/11/29,-0.001971961,3140.98,4.06E-06
2019/12/2,-0.00938917,3114.47,3.77E-05
2019/12/3,0.001912396,3093.32,4.47E-05
2019/12/4,0.003046748,3112.97,1.35E-05
2019/12/5,-0.000461762,3117.77,1.67E-05
2019/12/6,0.003579348,3145.86,9.88E-06
2019/12/9,-0.001870068,3135.99,5.98E-06
2019/12/10,-0.0009094,3132.51,2.03E-05
2019/12/11,0.001806547,3141.42,8.39E-06
2019/12/12,0.008634379,3168.47,8.23E-05
2019/12/13,0.000669253,3168.77,4.51E-05
2019/12/17,-0.001017605,3192.15,5.54E-06
2019/12/18,-0.001199388,3191.38,7.44E-06
2019/12/19,0.004035925,3205.23,7.72E-06
2019/12/20,-0.000673444,3221.16,4.71E-06
2019/12/23,-0.000617044,3224.06,2.01E-06
2019/12/24,-0.000641977,3223.38,1.97E-06
2019/12/26,0.003980046,3240.07,4.04E-06
2019/12/27,-0.002241341,3239.96,8.05E-06
2019/12/30,-0.005744705,3221.53,2.19E-05
2019/12/31,0.004666903,3230.22,1.01E-05
2020/1/2,0.004112138,3258.04,1.54E-05
2020/1/3,0.002498148,3234.43,3.34E-05
2020/1/6,0.008892605,3246.29,1.06E-05
2020/1/7,-0.001447748,3237.17,1.19E-05
2020/1/8,0.004473412,3253.11,2.45E-05
2020/1/9,0.002632759,3274.64,1.37E-05
2020/1/10,-0.005028145,3265.35,1.60E-05
2020/1/13,0.005137903,3287.98,5.60E-06
2020/1/14,-0.000813029,3282.68,1.51E-05
2020/1/15,0.002209441,3289.53,1.64E-05
2020/1/16,0.004223622,3316.95,6.99E-06
2020/1/17,0.001674461,3329.23,9.29E-06
2020/1/21,-2.41E-05,3320.95,1.16E-05
2020/1/22,-0.002483547,3321.76,1.24E-05
2020/1/23,0.002915129,3325.45,2.47E-05
2020/1/24,-0.011369176,3295.42,5.41E-05
2020/1/27,-0.001211021,3243.23,4.17E-05
2020/1/28,0.006405783,3276.27,2.05E-05
2020/1/29,-0.004866724,3273.49,2.55E-05
2020/1/30,0.008278373,3283.52,5.30E-05
2020/1/31,-0.017651594,3224.9,8.60E-05
2020/2/3,0.004034303,3248.74,4.47E-05
2020/2/4,0.005192843,3297.69,2.09E-05
2020/2/5,0.00294911,3334.73,2.60E-05
2020/2/6,0.000245118,3345.74,1.94E-05
2020/2/7,-0.002365231,3327.66,2.80E-05
2020/2/10,0.010158338,3352.16,1.79E-05
2020/2/11,-0.002397498,3357.81,2.32E-05
2020/2/12,0.002622282,3379.35,1.43E-05
2020/2/13,0.002498436,3374.32,2.51E-05
2020/2/14,0.000550457,3379.94,1.31E-05
2020/2/18,0.000415462,3370.44,2.30E-05
2020/2/19,0.001681823,3386.08,6.10E-06
2020/2/20,-0.002229999,3372.92,8.94E-05
2020/2/21,-0.006789849,3337.76,5.55E-05
2020/2/24,-0.009750818,3226,0.000118729
2020/2/25,-0.034689263,3128.51,0.000246098
2020/2/26,-0.007470749,3116.53,0.000275963
2020/2/27,-0.027891969,2978.3,0.000719259
2020/2/28,0.013119364,2955.42,0.001404665
2020/3/2,0.03834384,3090.54,0.000627404
2020/3/3,-0.030677705,3002.91,0.001843895
2020/3/4,0.027311387,3130.08,0.000267203
2020/3/5,-0.016952059,3024,0.000366061
2020/3/6,0.006172099,2972.49,0.00055553
2020/3/9,-0.042279554,2745.33,0.002300447
2020/3/10,0.024006828,2881.84,0.001093145
2020/3/11,-0.030288471,2741.3,0.000523172
2020/3/12,-0.058657146,2480.98,0.004153039
2020/3/13,0.052481892,2708.47,0.002628639
2020/3/16,-0.050039654,2386.15,0.004121058
2020/3/17,0.041649138,2528.82,0.002272031
2020/3/18,-0.01580243,2398.3,0.002487801
2020/3/19,0.006654282,2409.46,0.002087665
2020/3/20,-0.053947068,2304.22,0.001538657
2020/3/23,-0.023860248,2236.7,0.00286038
2020/3/24,0.042566901,2446.39,0.000923872
2020/3/25,0.006985961,2475,0.001324306
2020/3/26,0.049150104,2627.3,0.001092736
2020/3/27,-0.00565789,2541.45,0.000569896
2020/3/30,0.026039612,2626.49,0.000346107
2020/3/31,-0.011625086,2584.47,0.00040279
2020/4/1,-0.011012831,2470.72,0.000322112
2020/4/2,0.02730289,2526.59,0.000757729
2020/4/3,-0.010536764,2488.56,0.000363644
2020/4/6,0.031771121,2661.51,0.000237744
2020/4/7,-0.0295714,2658.85,0.000646032
2020/4/8,0.023654694,2749.27,0.000222092
2020/4/9,0.004484006,2789.47,0.000354763
2020/4/13,-0.007470892,2761.75,0.000279729
2020/4/14,0.014387464,2845.75,0.00016097
2020/4/15,-0.004236976,2783.82,0.00020341
2020/4/16,7.14E-06,2799.36,0.000185391
2020/4/17,0.011066344,2874.06,0.000137143
2020/4/20,-0.008019787,2822.89,0.000166228
2020/4/21,-0.017503571,2736.49,0.000280711
2020/4/22,0.003869986,2798.7,8.39E-05
2020/4/23,-0.004550585,2797.66,0.000193835
2020/4/24,0.008482608,2836.6,8.83E-05
2020/4/27,0.008104668,2877.88,5.24E-05
2020/4/28,-0.016070237,2863.57,0.00014831
2020/4/29,0.00720383,2939.56,6.87E-05
2020/4/30,-0.006441919,2912.09,0.000164066
2020/5/1,-0.013258936,2831.3,0.000138385
2020/5/5,-0.000306787,2868,8.74E-05
2020/5/6,-0.012045312,2848.62,0.000107628
2020/5/7,0.000996633,2881.13,6.93E-05
2020/5/8,0.006985238,2929.22,3.49E-05
2020/5/11,0.004954333,2929.94,6.17E-05
2020/5/12,-0.023892626,2870.1,9.25E-05
2020/5/13,-0.016142233,2819.97,0.000305598
2020/5/14,0.020594895,2852.69,0.000252747
2020/5/15,0.012026544,2864.19,0.000153872
2020/5/18,0.013326008,2952.95,0.000106282
2020/5/19,-0.008904784,2922.45,0.000137466
2020/5/20,0.00604878,2971.55,5.18E-05
2020/5/21,-0.007109507,2948.91,9.95E-05
2020/5/22,0.002530673,2955.52,4.80E-05
2020/5/26,-0.004029305,2992,5.43E-05
2020/5/27,0.006755108,3036.09,0.000131129
2020/5/28,-0.005532886,3029.8,0.000103986
2020/5/29,0.005981737,3043.32,0.000214025
2020/6/1,0.005529672,3055.63,3.26E-05
2020/6/2,0.005226498,3080.84,4.46E-05
2020/6/3,0.007679623,3122.79,3.36E-05
2020/6/4,0.000221729,3112.25,6.59E-05
2020/6/5,0.00927778,3193.33,7.77E-05
